cruise	cruise_index	scaffold	scaffold_index	size	num_hits	percid
HOT238	12	VS86	98	17.364	13781.6533672	95.0512406948
HOT238	12	VS85	3	17.456	4548.28758768	97.3958684211
HOT238	12	VS82	4	17.697	632.656544151	92.8055405405
HOT238	12	VS81	99	17.724	13986.8392734	93.3672885086
HOT234	9	VS71	37	19.786	3013.74831799	92.6363866667
HOT224	1	VS9	59	40.844	90.5876215186	89.7845
HOT234	9	VS88	31	17.085	4393.37532579	93.8989908537
HOT229	5	VS41	79	24.277	32.945282383	88.0
HOT231	6	VS93	73	16.542	6076.84336067	96.685455665
HOT234	9	VS107	21	15.344	562.566352692	99.6934761905
HOT238	12	VS54	47	22.665	188.087080693	92.4448181818
HOT229	5	VS38	54	25.81	7626.83287166	94.7607667387
HOT238	12	VS84	33	17.492	85.4941275879	98.0118
HOT234	9	VS108	20	15.11	696.510722381	94.3583846154
HOT229	5	VS30	104	27.949	60668.7375083	90.7897863155
HOT229	5	VS31	103	27.846	160295.271434	92.8541374987
HOT229	5	VS32	14	26.81	675.378288851	92.7547317073
HOT229	5	VS34	13	26.379	181.199053106	97.7340909091
HOT229	5	VS37	81	25.828	807.159418383	90.7829591837
HOT234	9	VS72	5	19.667	1486.78250354	94.0710810811
HOT234	9	VS73	77	19.655	616.144100568	94.2354130435
HOT234	9	VS70	38	20.074	40.1833109066	85.6243333333
HOT234	9	VS79	86	18.396	5304.19703967	91.7793838384
HOT233	8	VS53	48	22.706	57.6462513861	90.56075
HOT233	8	VS52	49	22.818	691.755016633	94.1854166667
HOT233	8	VS51	9	22.88	158.527191312	93.3794545455
HOT233	8	VS50	91	23.177	8877.52271345	93.0625957792
HOT233	8	VS57	44	22.358	807.047519405	96.9125535714
HOT233	8	VS56	45	22.492	2190.55755267	96.4586315789
HOT233	8	VS54	47	22.665	432.346885395	90.6495333333
HOT233	8	VS59	8	21.604	115.292502772	88.659
HOT233	8	VS58	100	21.89	95966.5969949	94.6704769485
HOT231	6	VS43	78	24.068	3517.38470383	92.8008595745
HOT229	5	VS100	26	16.054	164.726411915	95.7181
HOT234	9	VS10	96	39.744	76897.4626382	93.1581334262
HOT229	5	VS21	94	32.028	12996.9139001	91.5840443599
HOT238	12	VS89	66	16.912	1897.96963245	97.7767477477
HOT234	9	VS17	95	34.077	1151.92157932	97.310872093
HOT238	12	VS32	14	26.81	410.371812422	93.7067083333
HOT225	2	VG1	107	164.235	169839.257879	95.4941200135
HOT229	5	VS103	1	15.9	31199.1824167	87.9179862724
HOT229	5	VS102	71	15.97	98.835847149	100.0
HOT229	5	VS101	25	16.015	131.781129532	89.272875
HOT229	5	VS106	22	15.427	922.467906724	92.8106964286
HOT229	5	VS105	23	15.809	3805.18011524	86.8956623377
HOT229	5	VS104	24	15.868	3063.91126162	89.7317258065
HOT229	5	VS108	20	15.11	2026.13486655	94.0892764228
HOT236	10	VS103	1	15.9	9347.791897	91.209998008
HOT236	10	VS40	53	24.419	37.2421987928	100.0
HOT236	10	VS43	78	24.068	465.52748491	92.96176
HOT236	10	VS45	51	23.869	14040.3089449	96.2634854111
HOT236	10	VS44	65	23.999	2774.54381007	93.0100268456
HOT236	10	VS47	93	23.51	2011.07873481	95.1611388889
HOT236	10	VS46	10	23.707	37.2421987928	96.552
HOT236	10	VS49	92	23.37	2271.77412636	89.3504836066
HOT236	10	VS48	50	23.468	37.2421987928	82.524
HOT238	12	VS88	31	17.085	34.1976510352	76.068
HOT229	5	VS15	19	34.769	197.671694298	91.0731666667
HOT237	11	VS23	106	30.926	6117.04597716	93.0625186567
HOT234	9	VS77	36	18.956	1205.4993272	95.2197333333
HOT236	10	VS100	26	16.054	130.347695775	100.0
HOT234	9	VS8	60	41.205	1982.37667139	94.7514864865
HOT224	1	VS99	72	16.095	1434.30400738	94.5320526316
HOT232	7	VS15	19	34.769	26996.9081144	94.7038717853
HOT234	9	VS69	39	20.158	1701.09349505	98.2223779528
HOT224	1	VS92	74	16.745	860.582404426	89.0194561404
HOT231	6	VS98	27	16.154	45247.0381263	99.4254905723
HOT237	11	VS58	100	21.89	25438.2378416	91.7401314491
HOT231	6	VS95	85	16.245	11719.6264813	94.2157139208
HOT231	6	VS97	28	16.161	11824.3996427	99.0801632911
HOT231	6	VS90	97	16.9	1182.43996427	95.3145316456
HOT237	11	VS10	96	39.744	24890.4426794	92.4984846401
HOT224	1	VS95	85	16.245	37050.3372011	93.6234881826
HOT224	1	VS94	29	16.502	5857.99952487	96.3589097938
HOT236	10	VS65	89	20.961	68004.2549957	90.7549110077
HOT237	11	VS14	69	35.649	2225.41784617	94.6847692308
HOT225	2	VS45	51	23.869	20555.2583911	96.6563100559
HOT227	4	VS90	97	16.9	166.843827004	95.4784
HOT227	4	VS92	74	16.745	367.056419408	88.7705454545
HOT227	4	VS93	73	16.542	7507.97221516	98.9978133333
HOT227	4	VS94	29	16.502	233.581357805	97.547
HOT227	4	VS95	85	16.245	27128.8062708	94.7317626076
HOT227	4	VS96	2	16.237	1368.11938143	97.6334634146
HOT227	4	VS97	28	16.161	8942.8291274	99.0973171642
HOT234	9	VS22	84	31.824	1138.52714235	93.8934235294
HOT231	6	VS35	12	26.017	224.513917266	94.2564666667
HOT229	5	VS82	4	17.697	790.686777192	94.2050208333
HOT238	12	VS37	81	25.828	444.569463457	91.3466153846
HOT238	12	VS14	69	35.649	4120.81694974	95.5786514523
HOT224	1	VS8	60	41.205	2808.21626708	92.4997473118
HOT238	12	VS35	12	26.017	205.185906211	90.409
HOT234	9	VS24	83	30.339	4393.37532579	96.6640945122
HOT229	5	VS39	80	25.02	5551.28008153	90.7776409496
HOT236	10	VS15	19	34.769	23872.2494262	98.472475819
HOT229	5	VS29	82	28.0	1531.95563081	89.6857634409
HOT229	5	VS23	106	30.926	33768.9144426	92.3461726829
HOT229	5	VS22	84	31.824	642.433006468	91.7710512821
HOT229	5	VS20	56	32.169	345.925465021	83.2235238095
HOT229	5	VS26	55	29.251	1070.72167745	96.936
HOT229	5	VS25	105	29.927	96612.0405881	93.1820081841
HOT229	5	VS24	83	30.339	444.76131217	91.7807777778
HOT233	8	VS102	71	15.97	57.6462513861	100.0
HOT233	8	VS69	39	20.158	432.346885395	97.3974666667
HOT233	8	VS66	42	20.808	129.704065619	93.4462222222
HOT233	8	VS67	41	20.689	1988.79567282	89.2861811594
HOT233	8	VS64	6	21.063	216.173442698	94.7516666667
HOT233	8	VS65	89	20.961	12840.7024962	92.1822469136
HOT233	8	VS62	43	21.29	864.693770791	98.3582666667
HOT233	8	VS63	7	21.131	273.819694084	98.2791052632
HOT233	8	VS60	102	26.94	191616.139607	94.9890030084
HOT233	8	VS61	90	21.296	3314.6594547	96.3999565217
HOT237	11	VS103	1	15.9	5329.59043159	89.5700792291
HOT237	11	VS104	24	15.868	479.320766867	90.3208571429
HOT237	11	VS108	20	15.11	68.4743952667	93.4546666667
HOT229	5	VS33	101	26.389	49500.2867804	94.8306945092
HOT237	11	VS80	75	18.052	45.6495968444	84.39075
HOT234	9	VS62	43	21.29	3857.59784703	97.6208194444
HOT232	7	VS8	60	41.205	382.363961368	87.1436052632
HOT232	7	VS4	62	54.391	107021.660345	99.1579559985
HOT232	7	VS5	61	51.494	6510.24955276	99.3628655332
HOT232	7	VS7	70	43.665	4236.19020357	96.0804299287
HOT232	7	VS3	63	57.845	29522.5227014	98.5477791411
HOT225	2	VS46	10	23.707	57.4169228801	100.0
HOT224	1	VS3	63	57.845	171648.444841	98.9471577975
HOT234	9	VS65	89	20.961	64775.4971814	90.5116327543
HOT234	9	VS64	6	21.063	361.649798159	93.871
HOT234	9	VS67	41	20.689	5665.84683783	88.5264893617
HOT234	9	VS66	42	20.808	147.338806657	86.7139090909
HOT234	9	VS63	7	21.131	80.3666218132	90.2616666667
HOT224	1	VS11	58	39.219	9239.93739489	93.6424803922
HOT224	1	VS10	96	39.744	125101.505317	93.874551412
HOT224	1	VS17	95	34.077	920.974152106	96.836704918
HOT224	1	VS16	68	34.431	15867.9317027	99.0835309229
HOT224	1	VS14	69	35.649	24081.209387	98.111138558
HOT224	1	VS19	17	33.814	1117.24733206	98.2371621622
HOT229	5	VS10	96	39.744	108241.725269	92.710056308
HOT232	7	VS189	76	18.494	10.0622095097	84.932
HOT227	4	VS58	100	21.89	83288.4384402	93.5323413462
HOT236	10	VS99	72	16.095	167.589894568	96.8503333333
HOT236	10	VS92	74	16.745	335.179789135	88.7833888889
HOT236	10	VS93	73	16.542	11582.3238246	97.4889807074
HOT236	10	VS90	97	16.9	316.558689739	95.0478823529
HOT236	10	VS96	2	16.237	502.769683703	93.6827777778
HOT236	10	VS97	28	16.161	52697.7112918	98.9516621908
HOT236	10	VS94	29	16.502	3258.69239437	99.2923942857
HOT236	10	VS95	85	16.245	12960.2851799	91.3528103448
HOT232	7	VS32	14	26.81	231.430818722	92.8204782609
HOT237	11	VS69	39	20.158	182.598387378	99.799
HOT237	11	VS63	7	21.131	22.8247984222	92.424
HOT237	11	VS60	102	26.94	64468.6431436	92.8726610019
HOT237	11	VS66	42	20.808	11.4123992111	87.143
HOT237	11	VS65	89	20.961	4507.89768839	92.0731594937
HOT234	9	VS5	61	51.494	40290.4664023	99.2982117686
HOT229	5	VS5	61	51.494	18416.4128521	98.5632280859
HOT229	5	VS7	70	43.665	15978.4619558	94.9352010309
HOT229	5	VS8	60	41.205	1663.73676034	87.9982970297
HOT229	5	VS9	59	40.844	247.089617872	99.247
HOT231	6	VS3	63	57.845	10552.1541115	97.5369886525
HOT233	8	VS88	31	17.085	100.880939926	99.738
HOT231	6	VS5	61	51.494	4580.08391223	98.7459150327
HOT231	6	VS4	62	54.391	35353.4581722	98.9526549534
HOT227	4	VS82	4	17.697	433.793950209	93.7528461538
HOT227	4	VS81	99	17.724	18019.1333164	92.87555
HOT227	4	VS80	75	18.052	66.7375308015	93.0555
HOT227	4	VS86	98	17.364	18085.8708472	93.9091162362
HOT227	4	VS85	3	17.456	15516.4759113	99.1778344086
HOT227	4	VS84	33	17.492	100.106296202	100.0
HOT227	4	VS89	66	16.912	1902.01962784	99.1416842105
HOT236	10	VS89	66	16.912	2588.3328161	97.7246546763
HOT234	9	VS34	13	26.379	294.677613315	99.6723636364
HOT226	3	VS85	3	17.456	36822.8214437	99.1209432836
HOT229	5	VS16	68	34.431	1844.93581345	96.4415178571
HOT229	5	VS14	69	35.649	7577.41494809	94.61025
HOT236	10	VS104	24	15.868	1284.85585835	92.257115942
HOT229	5	VS13	57	35.89	44558.494423	90.8178240296
HOT229	5	VS19	17	33.814	527.124518128	94.8824375
HOT233	8	VS71	37	19.786	144.115628465	91.0963
HOT233	8	VS70	38	20.074	28.823125693	100.0
HOT233	8	VS73	77	19.655	417.935322549	85.756137931
HOT233	8	VS72	5	19.667	288.23125693	94.35855
HOT233	8	VS75	87	19.149	4899.93136781	89.6571558824
HOT233	8	VS74	88	19.487	994.397836409	91.4894057971
HOT233	8	VS77	36	18.956	562.050951014	95.4163076923
HOT229	5	VS49	92	23.37	7396.21589498	93.0030311804
HOT229	5	VS56	45	22.492	4315.83199217	92.8660877863
HOT229	5	VS57	44	22.358	115.30848834	97.4872857143
HOT229	5	VS93	73	16.542	15187.7751786	96.512664859
HOT234	9	VS48	50	23.468	281.283176346	92.5276190476
HOT234	9	VS31	103	27.846	138752.97256	93.4324313158
HOT224	1	VS102	71	15.97	1132.34526898	99.6490666667
HOT234	9	VS19	17	33.814	3094.11493981	99.6000909091
HOT224	1	VS104	24	15.868	2642.13896096	94.6631657143
HOT234	9	VS13	57	35.89	25583.3746105	93.6620958115
HOT234	9	VS15	19	34.769	4996.12498938	94.6876327078
HOT234	9	VS16	68	34.431	9376.1058782	97.9853042857
HOT225	2	VS35	12	26.017	1291.8807648	99.2936888889
HOT225	2	VS37	81	25.828	3387.59844993	94.2388983051
HOT225	2	VS30	104	27.949	51732.647515	92.5976847947
HOT225	2	VS31	103	27.846	122068.378043	92.1450343368
HOT225	2	VS32	14	26.81	1578.9653792	92.2134727273
HOT225	2	VS33	101	26.389	23282.5622279	93.3622577065
HOT225	2	VS38	54	25.81	41225.3506279	98.7629860724
HOT225	2	VS39	80	25.02	4134.01844737	92.0430138889
HOT238	12	VS39	80	25.02	666.854195186	92.2981282051
HOT229	5	VS46	10	23.707	32.945282383	100.0
HOT231	6	VS39	80	25.02	2439.71790096	93.0319018405
HOT224	1	VS28	15	28.336	981.365899785	99.1272769231
HOT224	1	VS29	82	28.0	1056.85558438	88.9160428571
HOT224	1	VS26	55	29.251	14056.1792723	99.1780354458
HOT224	1	VS24	83	30.339	2340.18022256	93.7059612903
HOT224	1	VS25	105	29.927	174607.640477	95.8809507134
HOT224	1	VS22	84	31.824	1404.10813354	93.6471505376
HOT224	1	VS23	106	30.926	44448.3262918	94.9467547554
HOT224	1	VS20	56	32.169	1690.96893501	87.8027410714
HOT224	1	VS21	94	32.028	32098.2138914	92.613664158
HOT236	10	VS85	3	17.456	5455.98212315	97.9315494881
HOT236	10	VS86	98	17.364	5698.0564153	89.2725359477
HOT236	10	VS81	99	17.724	6833.94347848	91.7824168937
HOT236	10	VS80	75	18.052	242.074292153	93.1801538462
HOT236	10	VS82	4	17.697	595.875180685	94.30184375
HOT224	1	VS103	1	15.9	24352.9722516	89.8344928704
HOT236	10	VS88	31	17.085	148.968795171	92.905375
HOT226	3	VS86	98	17.364	7447.00344123	88.1174169742
HOT226	3	VS84	33	17.492	164.878304972	98.2036666667
HOT226	3	VS82	4	17.697	632.033502392	94.4933478261
HOT226	3	VS80	75	18.052	1483.90474475	93.3181111111
HOT226	3	VS81	99	17.724	9755.29971084	91.7942338028
HOT226	3	VS89	66	16.912	9727.81999334	99.1330932203
HOT225	2	VS34	13	26.379	430.626921601	98.1276666667
HOT226	3	VS69	39	20.158	439.675479925	100.0
HOT226	3	VS65	89	20.961	43747.7102525	92.2342619347
HOT226	3	VS66	42	20.808	1071.70898232	88.7159230769
HOT226	3	VS67	41	20.689	5138.70717162	91.1039090909
HOT226	3	VS60	102	26.94	137013.871432	93.1886147212
HOT226	3	VS61	90	21.296	19180.8428117	96.4699383954
HOT226	3	VS62	43	21.29	6182.93643645	98.7518533333
HOT229	5	VS3	63	57.845	109691.317694	97.6880456525
HOT234	9	VS51	9	22.88	361.649798159	93.7395555556
HOT237	11	VS75	87	19.149	2636.26421777	90.7148181818
HOT237	11	VS74	88	19.487	1164.06471953	93.4602843137
HOT237	11	VS77	36	18.956	102.7115929	91.1768888889
HOT237	11	VS76	67	19.088	45.6495968444	96.06675
HOT237	11	VS73	77	19.655	91.2991936889	92.248
HOT237	11	VS79	86	18.396	1129.8275219	89.4673939394
HOT224	1	VS107	21	15.344	1736.26274577	99.2482434783
HOT234	9	VS28	15	28.336	3187.87599859	99.6610210084
HOT231	6	VS63	7	21.131	29.9351889688	92.8115
HOT234	9	VS189	76	18.494	522.383041786	93.7594615385
HOT233	8	VS80	75	18.052	216.173442698	93.491
HOT233	8	VS81	99	17.724	20507.6539306	94.6753457484
HOT233	8	VS82	4	17.697	662.93189094	96.0120217391
HOT233	8	VS89	66	16.912	1902.32629574	99.3028257576
HOT238	12	VS19	17	33.814	102.592953105	99.5983333333
HOT231	6	VS8	60	41.205	449.027834532	88.3118
HOT225	2	VS64	6	21.063	143.5423072	93.2644
HOT236	10	VS35	12	26.017	633.117379478	92.4498235294
HOT225	2	VS68	40	20.46	114.83384576	99.58
HOT236	10	VS37	81	25.828	800.707274046	93.2515813953
HOT236	10	VS30	104	27.949	24263.2925135	91.5759608596
HOT236	10	VS32	14	26.81	633.117379478	93.0587352941
HOT237	11	VS71	37	19.786	57.0619960556	88.6888
HOT225	2	VS26	55	29.251	16564.7822509	99.1778110919
HOT225	2	VS25	105	29.927	81962.6574114	95.4436542907
HOT225	2	VS24	83	30.339	1291.8807648	93.6085777778
HOT225	2	VS23	106	30.926	28909.4206701	94.4669821251
HOT225	2	VS22	84	31.824	976.087688962	94.3234705882
HOT225	2	VS21	94	32.028	28966.837593	93.5465143707
HOT225	2	VS20	56	32.169	1837.34153216	93.747703125
HOT236	10	VS38	54	25.81	24859.1676942	98.8223850187
HOT225	2	VS29	82	28.0	574.169228801	87.5128
HOT225	2	VS28	15	28.336	2181.84306944	99.7241710526
HOT238	12	VS75	87	19.149	5095.45000424	89.2190469799
HOT238	12	VS4	62	54.391	17372.4067259	98.674121063
HOT237	11	VS72	5	19.667	616.2695574	91.3955555556
HOT234	9	VS56	45	22.492	1660.91018414	94.2755080645
HOT231	6	VS65	89	20.961	8247.1445609	91.9740834846
HOT224	1	VS39	80	25.02	4937.02537276	92.3580856269
HOT224	1	VS38	54	25.81	26844.1318433	98.1396124859
HOT224	1	VS31	103	27.846	143626.673918	92.6029663618
HOT224	1	VS30	104	27.949	73557.1486731	93.1113093186
HOT224	1	VS32	14	26.81	1087.05145822	92.3278333333
HOT224	1	VS35	12	26.017	936.072089025	98.0229032258
HOT224	1	VS34	13	26.379	543.525729111	95.7158055556
HOT224	1	VS37	81	25.828	5435.25729111	95.4848388889
HOT234	9	VS58	100	21.89	73160.4147239	94.916339253
HOT226	3	VS90	97	16.9	2445.69485708	96.3733483146
HOT226	3	VS93	73	16.542	40312.7455656	98.6404164963
HOT226	3	VS92	74	16.745	1181.6278523	88.8151627907
HOT226	3	VS95	85	16.245	51606.9094562	95.2970266241
HOT226	3	VS94	29	16.502	6732.53078635	97.9263346939
HOT226	3	VS97	28	16.161	31436.7968146	99.2021765734
HOT226	3	VS96	2	16.237	25446.2184007	97.3878682505
HOT226	3	VS99	72	16.095	467.15519742	95.2348235294
HOT231	6	VS17	95	34.077	284.384295204	98.7937894737
HOT226	3	VS79	86	18.396	6595.13219888	91.1767208333
HOT226	3	VS77	36	18.956	934.310394841	94.8871764706
HOT226	3	VS76	67	19.088	27.4797174953	84.314
HOT226	3	VS75	87	19.149	11129.2855856	91.1840641975
HOT226	3	VS73	77	19.655	796.911807364	92.0583448276
HOT226	3	VS72	5	19.667	164.878304972	98.5118333333
HOT226	3	VS71	37	19.786	1373.98587477	91.1657
HOT226	3	VS70	38	20.074	18686.2078968	98.9638426471
HOT234	9	VG1	107	164.235	269482.677377	96.3419000944
HOT237	11	VS37	81	25.828	319.547177911	90.4545357143
HOT234	9	VS74	88	19.487	4795.20843485	93.2798184358
HOT231	6	VS7	70	43.665	6959.93143525	97.3548365591
HOT232	7	VS58	100	21.89	18142.1637459	93.8638358292
HOT232	7	VS53	48	22.706	40.2488380387	90.58
HOT231	6	VS41	79	24.277	59.8703779376	93.75
HOT226	3	VS39	80	25.02	3380.00525192	93.231804878
HOT231	6	VS52	49	22.818	523.865806954	93.2198571429
HOT233	8	VS48	50	23.468	389.112196856	93.7844814815
HOT238	12	VS108	20	15.11	273.581208281	91.74825
HOT231	6	VS28	15	28.336	1466.82425947	99.3112653061
HOT231	6	VS29	82	28.0	628.638968345	91.5355
HOT231	6	VS24	83	30.339	104.773161391	90.8108571429
HOT231	6	VS25	105	29.927	46878.5059251	95.342704023
HOT231	6	VS20	56	32.169	74.837972422	91.3106
HOT231	6	VS21	94	32.028	5193.75528609	92.0688674352
HOT231	6	VS22	84	31.824	29.9351889688	97.059
HOT233	8	VS97	28	16.161	3473.18664601	98.9285975104
HOT233	8	VS96	2	16.237	273.819694084	92.4252631579
HOT233	8	VS95	85	16.245	8776.64177353	93.981318555
HOT233	8	VS94	29	16.502	2277.02692975	97.958835443
HOT233	8	VS93	73	16.542	5289.04356467	95.475147139
HOT233	8	VS92	74	16.745	172.938754158	88.2218333333
HOT233	8	VS90	97	16.9	634.108765247	94.5982272727
HOT233	8	VS99	72	16.095	28.823125693	88.0
HOT224	1	VS189	76	18.494	996.463836704	93.2198787879
HOT238	12	VS105	23	15.809	957.534228985	89.4436607143
HOT238	12	VS104	24	15.868	1812.47550486	92.3883207547
HOT234	9	VS52	49	22.818	884.032839945	92.6624242424
HOT234	9	VS35	12	26.017	93.761058782	90.7051428571
HOT234	9	VS32	14	26.81	696.510722381	91.6423653846
HOT234	9	VS33	101	26.389	27471.9902231	95.0332662116
HOT237	11	VS2	64	68.964	22.8247984222	98.485
HOT234	9	VS38	54	25.81	61708.1711155	99.0193859344
HOT234	9	VS39	80	25.02	1928.79892352	93.575875
HOT225	2	VS13	57	35.89	27674.9568282	93.7787821577
HOT225	2	VS10	96	39.744	76106.1312776	92.0927506601
HOT225	2	VS16	68	34.431	17914.0799386	99.1314695513
HOT225	2	VS17	95	34.077	1980.88383936	98.2525942029
HOT225	2	VS14	69	35.649	20871.0514669	97.8519752407
HOT225	2	VS15	19	34.769	2181.84306944	95.5119210526
HOT225	2	VS19	17	33.814	2727.30383681	98.8560210526
HOT238	12	VS106	22	15.427	256.482382764	94.8538
HOT229	5	VS73	77	19.655	1004.83111268	88.2542131148
HOT238	12	VS103	1	15.9	8498.11628224	91.1074426559
HOT236	10	VG1	107	164.235	40109.8480999	92.3359623955
HOT232	7	VS66	42	20.808	100.622095097	96.2133
HOT234	9	VS53	48	22.706	187.522117564	92.1035714286
HOT224	1	VS93	73	16.542	20472.8024632	97.3937809735
HOT237	11	VS101	25	16.015	22.8247984222	88.8
HOT226	3	VS102	71	15.97	1483.90474475	99.743537037
HOT226	3	VS103	1	15.9	27314.8391903	90.5333440644
HOT226	3	VS100	26	16.054	494.634914916	93.5147777778
HOT226	3	VS101	25	16.015	1951.05994217	97.847084507
HOT226	3	VS106	22	15.427	522.114632411	97.168
HOT226	3	VS104	24	15.868	2088.45852964	93.8856184211
HOT226	3	VS105	23	15.809	3764.72129686	89.3849124088
HOT226	3	VS108	20	15.11	3517.4038394	94.458640625
HOT238	12	VS80	75	18.052	68.3953020703	99.0
HOT237	11	VS50	91	23.177	4713.32087419	93.609
HOT238	12	VS43	78	24.068	923.336577949	93.4717962963
HOT226	3	VS48	50	23.468	6677.57135136	93.0724197531
HOT226	3	VS49	92	23.37	8683.59072852	93.0017563291
HOT226	3	VS42	52	24.121	3819.68073185	97.1591438849
HOT226	3	VS43	78	24.068	4973.82886665	94.5612430939
HOT226	3	VS41	79	24.277	82.4391524859	83.5406666667
HOT226	3	VS47	93	23.51	6375.29445891	96.5282586207
HOT226	3	VS44	65	23.999	11156.7653031	96.6040147783
HOT226	3	VS45	51	23.869	35751.1124614	97.1225995388
HOT237	11	VS51	9	22.88	57.0619960556	94.2304
HOT229	5	VS70	38	20.074	98.835847149	94.9073333333
HOT233	8	VS34	13	26.379	144.115628465	94.1737
HOT237	11	VS13	57	35.89	3423.71976333	93.5031333333
HOT237	11	VS11	58	39.219	182.598387378	96.5198125
HOT237	11	VS17	95	34.077	102.7115929	97.5412222222
HOT237	11	VS16	68	34.431	456.495968444	94.631475
HOT237	11	VS15	19	34.769	547.795162133	92.9922291667
HOT237	11	VS19	17	33.814	285.309980278	97.2746
HOT231	6	VS104	24	15.868	2589.3938458	93.8808901734
HOT224	1	VS69	39	20.158	1389.01019662	97.6440543478
HOT237	11	VS67	41	20.689	901.579537678	89.457164557
HOT237	11	VS106	22	15.427	79.8867944778	95.6755714286
HOT234	9	VS94	29	16.502	9161.7948867	97.770621345
HOT227	4	VS54	47	22.665	1635.06950464	90.6340408163
HOT227	4	VS56	45	22.492	1801.91333164	96.999
HOT227	4	VS57	44	22.358	300.318888607	100.0
HOT227	4	VS50	91	23.177	16150.482454	95.4991756198
HOT227	4	VS51	9	22.88	100.106296202	100.0
HOT227	4	VS52	49	22.818	100.106296202	93.9406666667
HOT229	5	VS61	90	21.296	21958.0307083	96.2394936234
HOT225	2	VS105	23	15.809	3990.47614017	88.5887841727
HOT225	2	VS189	76	18.494	947.379227522	94.8355151515
HOT231	6	VS34	13	26.379	29.9351889688	100.0
HOT231	6	VS33	101	26.389	21942.4935141	95.0447312415
HOT231	6	VS32	14	26.81	224.513917266	94.985
HOT231	6	VS31	103	27.846	71365.4905016	93.6301719799
HOT238	12	VS50	91	23.177	11233.9283651	94.1020410959
HOT238	12	VS15	19	34.769	495.86594001	94.0756206897
HOT238	12	VS16	68	34.431	547.162416563	93.277
HOT238	12	VS11	58	39.219	1265.3130883	94.6205
HOT237	11	VS32	14	26.81	251.072782644	93.9287272727
HOT234	9	VS11	58	39.219	4915.75836757	93.0318501362
HOT237	11	VS57	44	22.358	365.196774756	98.27475
HOT234	9	VS23	106	30.926	29869.5944406	94.4851959641
HOT234	9	VS25	105	29.927	101918.270896	95.8466347746
HOT231	6	VS94	29	16.502	2903.71332997	96.9028969072
HOT234	9	VS29	82	28.0	2786.04288952	93.4872740385
HOT231	6	VS96	2	16.237	763.347318704	93.3745098039
HOT237	11	VS52	49	22.818	125.536391322	88.288
HOT231	6	VS26	55	29.251	643.606562829	99.1774418605
HOT231	6	VS106	22	15.427	449.027834532	93.4458666667
HOT231	6	VS105	23	15.809	1721.27336571	87.6287652174
HOT231	6	VS103	1	15.9	15611.2010472	89.9842061361
HOT231	6	VS100	26	16.054	29.9351889688	100.0
HOT234	9	VS43	78	24.068	1285.86594901	90.0655729167
HOT237	11	VS81	99	17.724	6550.71714718	92.0943379791
HOT232	7	VS96	2	16.237	342.115123329	93.4502352941
HOT232	7	VS97	28	16.161	13453.1741144	99.3849670905
HOT232	7	VS94	29	16.502	3270.21809064	98.2098769231
HOT232	7	VS95	85	16.245	6580.68501933	93.044206422
HOT232	7	VS92	74	16.745	422.612799406	89.2985952381
HOT232	7	VS93	73	16.542	4336.81229867	96.2796519722
HOT232	7	VS90	97	16.9	311.9284948	97.7606774194
HOT232	7	VS99	72	16.095	10.0622095097	93.22
HOT226	3	VS54	47	22.665	3544.8835569	95.527124031
HOT226	3	VS57	44	22.358	1016.74954733	98.139
HOT226	3	VS56	45	22.492	9068.30677345	95.4946333333
HOT226	3	VS51	9	22.88	54.9594349906	98.2145
HOT226	3	VS50	91	23.177	25968.3330331	96.1038455026
HOT232	7	VS74	88	19.487	1428.83375037	88.7551901408
HOT232	7	VS75	87	19.149	3853.8262422	89.9515117493
HOT232	7	VS76	67	19.088	10.0622095097	100.0
HOT232	7	VS77	36	18.956	382.363961368	93.0252105263
HOT226	3	VS58	100	21.89	42043.9677678	94.0083601307
HOT232	7	VS72	5	19.667	231.430818722	94.8055217391
HOT232	7	VS73	77	19.655	221.368609213	91.4704090909
HOT237	11	VS56	45	22.492	171.185988167	99.0819333333
HOT236	10	VS71	37	19.786	74.4843975856	100.0
HOT237	11	VS54	47	22.665	136.948790533	92.9429166667
HOT227	4	VS47	93	23.51	3436.98283627	93.6298932039
HOT227	4	VS45	51	23.869	35971.529102	97.4802346939
HOT227	4	VS44	65	23.999	1835.28209704	95.6451272727
HOT227	4	VS43	78	24.068	1201.27555443	94.04675
HOT227	4	VS42	52	24.121	1167.90678903	96.2482285714
HOT227	4	VS49	92	23.37	2736.23876286	93.7394512195
HOT233	8	VS17	95	34.077	345.877508316	98.3159166667
HOT236	10	VS69	39	20.158	167.589894568	99.4073333333
HOT237	11	VS28	15	28.336	114.123992111	97.3334
HOT237	11	VS29	82	28.0	68.4743952667	82.847
HOT237	11	VS22	84	31.824	22.8247984222	100.0
HOT232	7	VS50	91	23.177	12024.3403641	93.6482368201
HOT234	9	VS21	94	32.028	42446.9707543	96.1993124014
HOT234	9	VS14	69	35.649	16515.3407826	97.8691216545
HOT236	10	VS60	102	26.94	86532.2488951	92.7478721756
HOT236	10	VS67	41	20.689	5158.04453281	89.9800974729
HOT231	6	VS38	54	25.81	2694.16700719	97.3761444444
HOT236	10	VS64	6	21.063	37.2421987928	100.0
HOT231	6	VS37	81	25.828	224.513917266	90.6350666667
HOT232	7	VS78	35	18.738	30.186628529	100.0
HOT232	7	VS79	86	18.396	1650.20235959	89.8467743902
HOT226	3	VS53	48	22.706	522.114632411	93.7463684211
HOT226	3	VS52	49	22.818	494.634914916	92.6858888889
HOT232	7	VS71	37	19.786	30.186628529	89.9223333333
HOT231	6	VS64	6	21.063	44.9027834532	89.9376666667
HOT231	6	VS69	39	20.158	284.384295204	99.7632105263
HOT231	6	VS48	50	23.468	703.476940767	95.6488510638
HOT238	12	VS69	39	20.158	68.3953020703	94.386
HOT231	6	VS30	104	27.949	24337.3086316	92.196699262
HOT225	2	VS71	37	19.786	4392.39460033	91.7992745098
HOT225	2	VS72	5	19.667	2267.96845376	94.203556962
HOT225	2	VS73	77	19.655	861.253843202	89.9221666667
HOT225	2	VS74	88	19.487	9358.95842946	94.4850153374
HOT225	2	VS75	87	19.149	25923.7406804	94.7560287929
HOT225	2	VS76	67	19.088	516.752305921	94.9857222222
HOT225	2	VS77	36	18.956	2267.96845376	95.9774683544
HOT232	7	VS81	99	17.724	3481.52449035	92.9450693642
HOT232	7	VS80	75	18.052	50.3110475484	99.4736
HOT233	8	VS9	59	40.844	28.823125693	85.5045
HOT232	7	VS82	4	17.697	764.727922735	93.1189736842
HOT232	7	VS85	3	17.456	4417.30997475	97.2883234624
HOT232	7	VS86	98	17.364	2817.41866271	86.6617892857
HOT232	7	VS89	66	16.912	1952.06864488	97.5690257732
HOT233	8	VS2	64	68.964	28.823125693	100.0
HOT229	5	VS99	72	16.095	16.4726411915	77.576
HOT233	8	VS7	70	43.665	34270.696449	98.4537674516
HOT233	8	VS5	61	51.494	1902.32629574	98.2121060606
HOT233	8	VS4	62	54.391	19354.7289029	98.5873938943
HOT229	5	VS97	28	16.161	55710.4725096	98.9391812537
HOT226	3	VS20	56	32.169	714.472654878	87.9526538462
HOT226	3	VS21	94	32.028	27809.4741053	93.4560197628
HOT226	3	VS22	84	31.824	659.513219888	93.1279583333
HOT226	3	VS24	83	30.339	934.310394841	94.5932941176
HOT226	3	VS25	105	29.927	65704.0045313	95.3184504391
HOT226	3	VS26	55	29.251	1428.94530976	99.3387307692
HOT232	7	VS67	41	20.689	1479.14479792	89.4507006803
HOT232	7	VS63	7	21.131	50.3110475484	99.3814
HOT232	7	VS62	43	21.29	150.933142645	98.164
HOT232	7	VS61	90	21.296	11330.0479079	97.8965630551
HOT232	7	VS60	102	26.94	50854.4068619	93.8985514444
HOT229	5	VS90	97	16.9	1136.61224221	92.1321594203
HOT229	5	VS189	76	18.494	593.015082894	91.7835833333
HOT238	12	VS61	90	21.296	6736.93725393	97.459786802
HOT227	4	VS72	5	19.667	200.212592404	94.643
HOT238	12	VS25	105	29.927	69147.6503931	94.4645007418
HOT227	4	VS71	37	19.786	33.3687654007	97.872
HOT234	9	VS85	3	17.456	19287.9892352	98.3015006944
HOT227	4	VS77	36	18.956	533.900246412	92.722625
HOT227	4	VS74	88	19.487	1701.80703544	91.4540196078
HOT227	4	VS75	87	19.149	7174.28456116	91.0336744186
HOT227	4	VS79	86	18.396	4538.1520945	91.3885
HOT237	11	VS47	93	23.51	5831.73599688	98.2125949119
HOT238	12	VS60	102	26.94	128925.144403	93.3366765252
HOT238	12	VS20	56	32.169	205.185906211	88.0238333333
HOT237	11	VS39	80	25.02	239.660383433	91.9837142857
HOT237	11	VS38	54	25.81	10214.0972939	98.2685340782
HOT237	11	VS31	103	27.846	51800.8800192	94.4570273188
HOT238	12	VS28	15	28.336	102.592953105	100.0
HOT224	1	VS48	50	23.468	9088.9580257	92.2798122924
HOT224	1	VS49	92	23.37	10825.2207715	93.9710153417
HOT231	6	VS15	19	34.769	149.675944844	94.8682
HOT231	6	VS14	69	35.649	2634.29662925	95.8545681818
HOT231	6	VS16	68	34.431	733.412129736	98.4608979592
HOT231	6	VS11	58	39.219	1960.75487746	94.2301145038
HOT231	6	VS10	96	39.744	54961.0069467	93.9898011983
HOT231	6	VS13	57	35.89	17272.604035	92.8363596187
HOT231	6	VS19	17	33.814	1930.81968849	99.104255814
HOT229	5	VS28	15	28.336	625.960365277	97.5911052632
HOT237	11	VS43	78	24.068	559.207561344	91.9031836735
HOT224	1	VS42	52	24.121	3442.32961771	95.0000131579
HOT238	12	VS38	54	25.81	10190.9000085	98.1049513423
HOT231	6	VS47	93	23.51	7558.63521462	97.1280930693
HOT238	12	VS33	101	26.389	20005.6258556	95.9753991453
HOT238	12	VS30	104	27.949	33855.6745248	92.6768671717
HOT238	12	VS31	103	27.846	111740.824757	94.9789975516
HOT238	12	VS65	89	20.961	18808.7080693	91.1315236364
HOT225	2	VS99	72	16.095	1090.92153472	94.4045263158
HOT238	12	VS66	42	20.808	34.1976510352	96.97
HOT237	11	VS96	2	16.237	45.6495968444	94.5005
HOT236	10	VS107	21	15.344	148.968795171	98.407
HOT236	10	VS106	22	15.427	409.664186721	94.9328636364
HOT236	10	VS105	23	15.809	1657.27784628	89.7865505618
HOT226	3	VS8	60	41.205	1346.50615727	91.7352244898
HOT236	10	VS101	25	16.015	204.832093361	92.6538181818
HOT226	3	VS5	61	51.494	15883.2767123	98.9118719723
HOT226	3	VS4	62	54.391	71694.5829453	98.9844262169
HOT226	3	VS7	70	43.665	92771.5262642	98.5244997038
HOT226	3	VS3	63	57.845	194061.764952	98.863777117
HOT236	10	VS108	20	15.11	484.148584307	95.9882307692
HOT237	11	VS100	26	16.054	22.8247984222	78.351
HOT237	11	VS105	23	15.809	559.207561344	88.0922040816
HOT225	2	VS69	39	20.158	1550.25691776	95.7076296296
HOT225	2	VS63	7	21.131	315.793075841	94.266
HOT225	2	VS62	43	21.29	8899.62304642	97.8469580645
HOT225	2	VS61	90	21.296	12057.5538048	94.483002381
HOT225	2	VS60	102	26.94	167973.207886	93.0573835242
HOT225	2	VS67	41	20.689	5282.35690497	90.1115054348
HOT225	2	VS66	42	20.808	746.419997442	91.6935384615
HOT225	2	VS65	89	20.961	36832.9560276	94.3642353858
HOT233	8	VS104	24	15.868	807.047519405	94.1820357143
HOT233	8	VS105	23	15.809	1167.33659057	90.7179259259
HOT233	8	VS106	22	15.427	461.170011088	95.7615625
HOT233	8	VS100	26	16.054	28.823125693	98.198
HOT236	10	VS31	103	27.846	94855.8803253	93.7498078131
HOT233	8	VS103	1	15.9	6658.14203509	90.5141709957
HOT234	9	VS27	16	29.202	26.7888739377	100.0
HOT233	8	VS108	20	15.11	172.938754158	95.53725
HOT224	1	VS33	101	26.389	54080.8100466	95.6421797878
HOT232	7	VS103	1	15.9	7737.83911294	90.7800520156
HOT232	7	VS101	25	16.015	80.4976760774	89.823625
HOT232	7	VS107	21	15.344	10.0622095097	77.982
HOT232	7	VS106	22	15.427	201.244190193	97.0404
HOT232	7	VS105	23	15.809	744.603503716	90.0652567568
HOT232	7	VS104	24	15.868	523.234894503	93.1229038462
HOT225	2	VS102	71	15.97	1378.00614912	99.8713125
HOT226	3	VS33	101	26.389	21544.0985163	93.5553278061
HOT226	3	VS32	14	26.81	714.472654878	93.4176153846
HOT226	3	VS30	104	27.949	35503.7950039	91.9135835913
HOT226	3	VS37	81	25.828	2060.97881215	92.73176
HOT226	3	VS35	12	26.017	522.114632411	98.5106842105
HOT226	3	VS34	13	26.379	247.317457458	100.0
HOT232	7	VS52	49	22.818	573.545942051	94.1887017544
HOT226	3	VS38	54	25.81	44269.824885	99.2399875854
HOT232	7	VS56	45	22.492	684.230246658	95.8176911765
HOT232	7	VS57	44	22.358	251.555237742	99.2356
HOT232	7	VS54	47	22.665	301.86628529	88.8056
HOT231	6	VS45	51	23.869	19996.7062312	96.9245052395
HOT238	12	VS67	41	20.689	2667.41678074	88.7688782051
HOT226	3	VS107	21	15.344	10414.8129307	99.2886754617
HOT224	1	VS44	65	23.999	2838.41214092	94.0396489362
HOT234	9	VS26	55	29.251	7045.47384562	98.8303079848
HOT238	12	VS79	86	18.396	2376.73674694	89.8092014388
HOT234	9	VS95	85	16.245	20198.810949	93.8016080902
HOT233	8	VS3	63	57.845	9122.51928184	94.4340126382
HOT231	6	VS101	25	16.015	29.9351889688	96.1865
HOT237	11	VS26	55	29.251	559.207561344	98.7195102041
HOT238	12	VS74	88	19.487	1880.87080693	94.8192363636
HOT237	11	VS24	83	30.339	22.8247984222	100.0
HOT231	6	VS60	102	26.94	93218.1784488	93.6040170199
HOT231	6	VS61	90	21.296	10866.4735957	98.0612933884
HOT231	6	VS62	43	21.29	568.768590407	97.9988684211
HOT237	11	VS25	105	29.927	31669.4078108	94.4360165766
HOT231	6	VS66	42	20.808	194.578728297	89.2022307692
HOT231	6	VS67	41	20.689	1721.27336571	90.5246521739
HOT227	4	VS69	39	20.158	100.106296202	100.0
HOT227	4	VS65	89	20.961	17418.4955392	92.3238390805
HOT227	4	VS64	6	21.063	133.475061603	100.0
HOT227	4	VS67	41	20.689	4070.98937889	88.9289754098
HOT237	11	VS21	94	32.028	2248.24264459	92.6772538071
HOT227	4	VS61	90	21.296	3203.40147847	95.7887916667
HOT227	4	VS60	102	26.94	200346.067466	93.7979965023
HOT227	4	VS62	43	21.29	400.425184809	99.4275833333
HOT234	9	VS96	2	16.237	2022.5599823	95.9460463576
HOT229	5	VS96	2	16.237	3261.58295592	94.1918636364
HOT229	5	VS94	29	16.502	3014.49333804	95.6110218579
HOT229	5	VS95	85	16.245	21875.6675023	89.4222176205
HOT229	5	VS92	74	16.745	1466.06506604	89.3562696629
HOT238	12	VS21	94	32.028	5830.6995015	92.9204017595
HOT238	12	VS29	82	28.0	273.581208281	89.5138125
HOT231	6	VS92	74	16.745	793.282507673	91.1808301887
HOT238	12	VS94	29	16.502	1880.87080693	99.2253363636
HOT234	9	VS20	56	32.169	1192.10489023	88.897258427
HOT238	12	VS97	28	16.161	54579.4510521	98.9251159148
HOT238	12	VS92	74	16.745	359.075335869	91.0536190476
HOT233	8	VS86	98	17.364	14699.7941034	95.3542715686
HOT238	12	VS93	73	16.542	8156.13977189	97.8080083857
HOT231	6	VS108	20	15.11	149.675944844	93.6323
HOT234	9	VS90	97	16.9	1473.38806657	93.7817
HOT234	9	VS92	74	16.745	522.383041786	90.1358205128
HOT234	9	VS93	73	16.542	7099.0515935	96.7319773585
HOT234	9	VS99	72	16.095	1178.71045326	93.8224090909
HOT227	4	VS101	25	16.015	266.950123206	92.015375
HOT227	4	VS100	26	16.054	100.106296202	93.617
HOT227	4	VS103	1	15.9	11145.1676438	91.7730329341
HOT227	4	VG1	107	164.235	125933.720622	94.889645734
HOT227	4	VS105	23	15.809	1434.85691223	88.9688604651
HOT227	4	VS104	24	15.868	1101.16925822	91.1714545455
HOT227	4	VS107	21	15.344	533.900246412	99.322375
HOT227	4	VS106	22	15.427	266.950123206	97.284
HOT227	4	VS108	20	15.11	1935.38839324	96.0384137931
HOT231	6	VS99	72	16.095	44.9027834532	98.246
HOT226	3	VS74	88	19.487	8298.87468358	94.9920165563
HOT224	1	VS88	31	17.085	724.700972149	92.4837291667
HOT224	1	VS89	66	16.912	11172.4733206	99.0018148649
HOT224	1	VS80	75	18.052	1675.87099809	94.2065675676
HOT224	1	VS81	99	17.724	33758.9869526	93.866734347
HOT224	1	VS84	33	17.492	558.623666031	96.8592162162
HOT224	1	VS85	3	17.456	19597.1221219	98.6140909091
HOT224	1	VS86	98	17.364	21892.0085337	94.1375717241
HOT234	9	VS60	102	26.94	167175.967808	93.7711555965
HOT225	2	VS56	45	22.492	11741.760729	94.7029486553
HOT225	2	VS57	44	22.358	1779.92460928	95.9278548387
HOT225	2	VS52	49	22.818	1722.5076864	95.7638833333
HOT225	2	VS53	48	22.706	57.4169228801	95.098
HOT225	2	VS50	91	23.177	34507.5706509	95.8292886855
HOT225	2	VS51	9	22.88	602.877690241	95.3744285714
HOT225	2	VS58	100	21.89	58680.0951835	93.9206912916
HOT224	1	VS13	57	35.89	41292.8574756	92.8798928702
HOT236	10	VS24	83	30.339	1415.20355413	92.3124736842
HOT236	10	VS23	106	30.926	11694.0504209	92.3764872611
HOT236	10	VS22	84	31.824	335.179789135	90.4536111111
HOT236	10	VS21	94	32.028	13835.4768515	92.9386783311
HOT238	12	VS17	95	34.077	205.185906211	98.3729166667
HOT224	1	VS15	19	34.769	920.974152106	95.0278688525
HOT234	9	VS106	22	15.427	1098.34383145	94.0293414634
HOT232	7	VS45	51	23.869	17649.11548	97.0318358039
HOT232	7	VS47	93	23.51	10283.5781189	98.5609598826
HOT232	7	VS43	78	24.068	654.043618129	94.0716615385
HOT232	7	VS42	52	24.121	221.368609213	96.4503636364
HOT232	7	VS49	92	23.37	2103.00178752	93.914708134
HOT232	7	VS48	50	23.468	70.4354665677	92.0138571429
HOT225	2	VS3	63	57.845	44411.9898478	96.957561086
HOT225	2	VS5	61	51.494	3502.43229569	96.3499262295
HOT225	2	VS7	70	43.665	75331.0028187	98.3636520579
HOT225	2	VS8	60	41.205	1952.17537792	93.6769705882
HOT238	12	VS10	96	39.744	55844.7641404	93.8991696265
HOT236	10	VS11	58	39.219	3035.23920162	93.7312883436
HOT224	1	VS82	4	17.697	3351.74199619	97.7596531532
HOT236	10	VS42	52	24.121	484.148584307	94.6979230769
HOT238	12	VS44	65	23.999	701.051846221	90.1176097561
HOT231	6	VS73	77	19.655	508.89821247	89.1613823529
HOT231	6	VS72	5	19.667	718.444535251	95.5906875
HOT231	6	VS71	37	19.786	59.8703779376	93.65275
HOT231	6	VS76	67	19.088	44.9027834532	92.4923333333
HOT231	6	VS75	87	19.149	6705.48232901	91.4459977679
HOT231	6	VS79	86	18.396	2454.68549544	91.2906768293
HOT225	2	VS54	47	22.665	3846.93383297	96.8008731343
HOT227	4	VS19	17	33.814	133.475061603	98.656
HOT227	4	VS10	96	39.744	86058.0459685	94.1806122528
HOT227	4	VS11	58	39.219	3436.98283627	95.3866990291
HOT238	12	VS24	83	30.339	769.447148291	90.9963777778
HOT227	4	VS13	57	35.89	17852.2894894	92.3595121495
HOT227	4	VS14	69	35.649	5806.16517973	95.1792298851
HOT227	4	VS15	19	34.769	1835.28209704	93.9007454545
HOT227	4	VS16	68	34.431	367.056419408	95.9811818182
HOT227	4	VS17	95	34.077	266.950123206	98.611
HOT229	5	VS89	66	16.912	3409.83672664	95.3737198068
HOT229	5	VS88	31	17.085	115.30848834	87.1734285714
HOT229	5	VS81	99	17.724	23177.0061564	92.3066325515
HOT229	5	VS85	3	17.456	11250.8139338	98.250715959
HOT229	5	VS84	33	17.492	988.35847149	98.1814833333
HOT238	12	VS189	76	18.494	34.1976510352	82.474
HOT238	12	VS52	49	22.818	222.284731729	91.1653846154
HOT238	12	VS56	45	22.492	341.976510352	94.8987
HOT236	10	VS26	55	29.251	242.074292153	95.9577692308
HOT236	10	VS20	56	32.169	558.632981892	87.656
HOT234	9	VS97	28	16.161	8250.97317282	98.7665730519
HOT234	9	VS82	4	17.697	1714.48793201	95.624390625
HOT234	9	VS80	75	18.052	870.638402976	96.8398153846
HOT236	10	VS29	82	28.0	558.632981892	86.7118666667
HOT234	9	VS84	33	17.492	214.310991502	99.337875
HOT234	9	VS89	66	16.912	7701.80125709	98.8482347826
HOT236	10	VS28	15	28.336	744.843975856	99.876575
HOT234	9	VS101	25	16.015	776.877344194	94.3133793103
HOT234	9	VS100	26	16.054	709.90515935	97.8798679245
HOT234	9	VS103	1	15.9	12389.8541962	89.8855135135
HOT234	9	VS105	23	15.809	4621.08075426	92.9769188406
HOT229	5	VS42	52	24.121	1680.20940153	91.5802745098
HOT237	11	VS84	33	17.492	34.2371976333	100.0
HOT234	9	VS44	65	23.999	4085.3032755	91.6554360656
HOT224	1	VS90	97	16.9	2928.99976243	93.7079226804
HOT224	1	VS97	28	16.161	22722.3950642	98.768641196
HOT225	2	VS41	79	24.277	631.586151681	95.1581363636
HOT225	2	VS43	78	24.068	4823.02152193	92.6248869048
HOT225	2	VS42	52	24.121	4134.01844737	94.3142569444
HOT225	2	VS44	65	23.999	2526.34460673	93.72475
HOT225	2	VS47	93	23.51	12114.9707277	95.090049763
HOT225	2	VS49	92	23.37	14957.1084103	96.6618560461
HOT225	2	VS48	50	23.468	8440.28766338	92.5220442177
HOT236	10	VS13	57	35.89	36776.6713079	93.82156
HOT236	10	VS10	96	39.744	38787.7500427	91.2620643303
HOT236	10	VS16	68	34.431	595.875180685	92.06878125
HOT236	10	VS17	95	34.077	93.1054969821	100.0
HOT236	10	VS14	69	35.649	6424.27929176	97.2980811594
HOT236	10	VS19	17	33.814	540.011882496	99.8626551724
HOT236	10	VS25	105	29.927	36515.9759164	94.430954105
HOT233	8	VS189	76	18.494	28.823125693	93.548
HOT238	12	VS13	57	35.89	44679.2310774	93.7438109453
HOT233	8	VS45	51	23.869	5678.15576153	95.970248731
HOT232	7	VS30	104	27.949	12819.2549153	92.2958241758
HOT232	7	VS31	103	27.846	59457.5959926	94.5852078186
HOT232	7	VS33	101	26.389	5755.58383953	92.4267867133
HOT232	7	VS35	12	26.017	261.617447251	91.9295
HOT232	7	VS37	81	25.828	352.177332839	92.8277428571
HOT232	7	VS38	54	25.81	1529.45584547	97.5857039474
HOT232	7	VS39	80	25.02	1066.59420803	93.4306603774
HOT234	9	VS61	90	21.296	20814.9550496	97.2132940798
HOT227	4	VS189	76	18.494	133.475061603	95.94475
HOT226	3	VS19	17	33.814	522.114632411	99.8583684211
HOT226	3	VS11	58	39.219	9700.34027585	93.3301926346
HOT226	3	VS10	96	39.744	66390.9974687	92.0414917219
HOT226	3	VS13	57	35.89	41604.2922879	93.5066955086
HOT226	3	VS15	19	34.769	5138.70717162	98.9316631016
HOT226	3	VS14	69	35.649	18438.8904394	98.0915931446
HOT226	3	VS17	95	34.077	329.756609944	98.0678333333
HOT226	3	VS16	68	34.431	2693.01231454	97.1069693878
HOT232	7	VS44	65	23.999	1428.83375037	91.1790140845
HOT231	6	VS53	48	22.706	134.70835036	90.4056666667
HOT231	6	VS49	92	23.37	3128.22724724	93.997062201
HOT231	6	VS46	10	23.707	59.8703779376	92.9245
HOT231	6	VS44	65	23.999	1766.17614916	92.3211101695
HOT227	4	VS4	62	54.391	32200.8586117	99.0292487047
HOT231	6	VS42	52	24.121	987.86123597	94.8211818182
HOT237	11	VS30	104	27.949	16114.3076861	91.7049688385
HOT236	10	VS189	76	18.494	18.6210993964	90.789
HOT229	5	VS74	88	19.487	3014.49333804	89.6955355191
HOT229	5	VS75	87	19.149	10723.6894157	87.21853149
HOT229	5	VS76	67	19.088	230.616976681	89.4767142857
HOT229	5	VS77	36	18.956	675.378288851	90.3247317073
HOT233	8	VG1	107	164.235	266945.378606	97.1577912325
HOT229	5	VS72	5	19.667	642.433006468	92.7721538462
HOT229	5	VS78	35	18.738	230.616976681	96.9816428571
HOT229	5	VS79	86	18.396	5963.09611132	88.3345414365
HOT229	5	VG1	107	164.235	128091.257905	92.2983413066
HOT238	12	VS42	52	24.121	341.976510352	91.4263
HOT238	12	VS47	93	23.51	15388.9429658	98.4975611111
HOT238	12	VS45	51	23.869	17509.19733	97.3122666016
HOT238	12	VS49	92	23.37	3864.33456697	94.9051238938
HOT231	6	VG1	107	164.235	75481.5789848	95.0268586159
HOT224	1	VG1	107	164.235	263081.550827	95.6069617217
HOT225	2	VS9	59	40.844	57.4169228801	87.9
HOT229	5	VS66	42	20.808	1004.83111268	86.8937213115
HOT233	8	VS101	25	16.015	158.527191312	95.5663636364
HOT233	8	VS19	17	33.814	1556.44878742	99.6025833333
HOT233	8	VS16	68	34.431	2449.96568391	98.5939176471
HOT233	8	VS15	19	34.769	1599.68347596	94.3120630631
HOT233	8	VS14	69	35.649	5534.04013306	98.2237317708
HOT233	8	VS13	57	35.89	5706.97888722	94.199540404
HOT233	8	VS11	58	39.219	1700.56441589	95.2312033898
HOT233	8	VS10	96	39.744	54576.5884997	94.036513071
HOT238	12	VS23	106	30.926	20706.6777018	94.3158290669
HOT226	3	VS31	103	27.846	120168.804607	92.5993978962
HOT224	1	VS45	51	23.869	30648.8119471	96.7209714286
HOT224	1	VS46	10	23.707	30.1958738395	99.1415
HOT224	1	VS47	93	23.51	14871.467866	96.2777827411
HOT224	1	VS41	79	24.277	558.623666031	94.2211891892
HOT224	1	VS43	78	24.068	4544.47901285	92.7448106312
HOT238	12	VS76	67	19.088	68.3953020703	91.63475
HOT225	2	VS92	74	16.745	1119.62999616	90.3664102564
HOT225	2	VS93	73	16.542	21560.0545415	98.1073635153
HOT225	2	VS90	97	16.9	3588.55768001	95.070576
HOT234	9	VS76	67	19.088	281.283176346	94.3409047619
HOT225	2	VS96	2	16.237	4765.60459905	96.0783192771
HOT225	2	VS97	28	16.161	7866.11843458	99.0080218978
HOT225	2	VS94	29	16.502	5023.98075201	96.7294514286
HOT225	2	VS95	85	16.245	49493.3875227	94.1841357309
HOT237	11	VS4	62	54.391	4987.21845526	98.129020595
HOT238	12	VS72	5	19.667	735.249497256	93.6994883721
HOT238	12	VS22	84	31.824	119.691778623	90.1312857143
HOT232	7	VS23	106	30.926	7435.97282765	93.4323545332
HOT232	7	VS22	84	31.824	50.3110475484	99.029
HOT232	7	VS21	94	32.028	7526.53271323	92.7710227273
HOT232	7	VS20	56	32.169	231.430818722	88.9154782609
HOT232	7	VS26	55	29.251	684.230246658	99.6079411765
HOT232	7	VS25	105	29.927	27218.2767237	95.6743807763
HOT232	7	VS24	83	30.339	90.559885587	96.5077777778
HOT232	7	VS29	82	28.0	140.870933135	87.4155
HOT232	7	VS28	15	28.336	442.737218426	99.8972045455
HOT225	2	VS4	62	54.391	27387.8722138	98.5654706499
HOT237	11	VS61	90	21.296	3823.15373572	97.9296626866
HOT224	1	VS76	67	19.088	362.350486074	96.5799583333
HOT224	1	VS53	48	22.706	558.623666031	90.2087027027
HOT231	6	VS23	106	30.926	12842.1960676	93.4861585082
HOT237	11	VS35	12	26.017	68.4743952667	92.1965
HOT238	12	VS57	44	22.358	68.3953020703	98.22275
HOT236	10	VS33	101	26.389	9664.35058674	92.7875915222
HOT231	6	VS59	8	21.604	29.9351889688	98.231
HOT231	6	VS58	100	21.89	34500.3052865	93.4120850325
HOT231	6	VS51	9	22.88	164.643539328	93.3791818182
HOT231	6	VS50	91	23.177	12438.0710165	93.8671624549
HOT231	6	VS54	47	22.665	793.282507673	93.8131132075
HOT231	6	VS57	44	22.358	224.513917266	96.9185333333
HOT231	6	VS56	45	22.492	1990.69006643	94.6247819549
HOT227	4	VS37	81	25.828	467.16271561	91.6630714286
HOT227	4	VS35	12	26.017	900.95666582	90.3494814815
HOT227	4	VS32	14	26.81	667.375308015	94.6623
HOT227	4	VS33	101	26.389	28630.4007138	95.6276818182
HOT227	4	VS30	104	27.949	43913.2952674	91.9596641337
HOT227	4	VS31	103	27.846	109549.656811	93.2602211392
HOT227	4	VS38	54	25.81	14281.8315915	98.6940233645
HOT227	4	VS39	80	25.02	900.95666582	91.0784814815
HOT229	5	VS67	41	20.689	4233.46878621	88.4890350195
HOT229	5	VS65	89	20.961	35004.3625319	89.2622550588
HOT229	5	VS64	6	21.063	148.253770723	87.7122222222
HOT229	5	VS62	43	21.29	625.960365277	97.2246842105
HOT229	5	VS60	102	26.94	195975.012255	91.5167552324
HOT237	11	VS7	70	43.665	17700.6311764	98.1300444874
HOT238	12	VS77	36	18.956	188.087080693	95.0839090909
HOT237	11	VS5	61	51.494	125.536391322	95.4201818182
HOT237	11	VS3	63	57.845	2590.61462092	93.2015859031
HOT238	12	VS73	77	19.655	307.778859316	89.2601666667
HOT236	10	VS39	80	25.02	782.086174649	89.8007619048
HOT234	9	VS30	104	27.949	47161.8125674	92.9640431696
HOT225	2	VS79	86	18.396	9789.58535106	91.6220498534
HOT225	2	VS70	38	20.074	19005.0014733	98.8538821752
HOT233	8	VS28	15	28.336	1628.50660166	99.5667433628
HOT233	8	VS29	82	28.0	446.758448242	91.6520967742
HOT233	8	VS22	84	31.824	172.938754158	91.9845
HOT233	8	VS23	106	30.926	28261.074742	95.6271866395
HOT233	8	VS20	56	32.169	187.350317005	89.9372307692
HOT233	8	VS21	94	32.028	5418.74763029	93.0588005319
HOT233	8	VS26	55	29.251	1556.44878742	99.0605648148
HOT233	8	VS24	83	30.339	273.819694084	95.8772631579
HOT233	8	VS25	105	29.927	132730.493816	96.432367101
HOT229	5	VS53	48	22.706	148.253770723	90.5816666667
HOT232	7	VS108	20	15.11	332.052913819	95.0026969697
HOT229	5	VS4	62	54.391	64358.6091352	98.6802986947
HOT224	1	VS59	8	21.604	105.685558438	96.4417142857
HOT224	1	VS57	44	22.358	2959.19563627	95.9811173469
HOT224	1	VS56	45	22.492	10900.7104561	94.3513060942
HOT224	1	VS52	49	22.818	2038.22148417	94.2495037037
HOT224	1	VS51	9	22.88	241.566990716	91.6781875
HOT224	1	VS50	91	23.177	32279.3891345	94.6617511693
HOT225	2	VS85	3	17.456	33617.6083463	98.6863689155
HOT225	2	VS84	33	17.492	488.043844481	96.1273529412
HOT225	2	VS86	98	17.364	9416.37535234	89.9121890244
HOT225	2	VS81	99	17.724	18947.5845504	93.3254833333
HOT225	2	VS80	75	18.052	1722.5076864	94.3006166667
HOT225	2	VS82	4	17.697	8870.91458498	98.1473462783
HOT225	2	VS88	31	17.085	86.1253843202	91.433
HOT231	6	VS189	76	18.494	179.611133813	90.0575833333
HOT234	9	VS7	70	43.665	111870.337564	98.5172801724
HOT238	12	VS26	55	29.251	478.767114492	97.0144642857
HOT236	10	VS72	5	19.667	297.937590343	91.126375
HOT236	10	VS73	77	19.655	204.832093361	90.7662727273
HOT236	10	VS74	88	19.487	2290.39522576	93.1191219512
HOT236	10	VS75	87	19.149	6089.09950263	89.5623027523
HOT236	10	VS77	36	18.956	558.632981892	93.0857666667
HOT233	8	VS8	60	41.205	302.642819777	94.9455238095
HOT232	7	VS19	17	33.814	221.368609213	99.79
HOT232	7	VS16	68	34.431	533.297104013	98.1508113208
HOT232	7	VS17	95	34.077	110.684304606	98.4847272727
HOT232	7	VS14	69	35.649	4226.12799406	97.7087547619
HOT232	7	VS13	57	35.89	13100.9967816	92.6649892473
HOT232	7	VS10	96	39.744	21301.697532	91.4441658007
HOT232	7	VS11	58	39.219	2002.37969242	94.1841507538
HOT237	11	VS88	31	17.085	22.8247984222	91.667
HOT227	4	VS7	70	43.665	30665.8954033	99.1683329706
HOT227	4	VS5	61	51.494	1401.48814683	97.5045
HOT227	4	VS3	63	57.845	71142.2078344	95.5950895872
HOT237	11	VS82	4	17.697	1312.42590928	93.0409391304
HOT237	11	VS85	3	17.456	3663.38014677	94.6838535826
HOT227	4	VS8	60	41.205	333.687654007	86.1875
HOT236	10	VS53	48	22.706	37.2421987928	92.453
HOT234	9	VS4	62	54.391	116290.501764	98.5637933656
HOT234	9	VS3	63	57.845	125197.802348	97.018496095
HOT234	9	VS9	59	40.844	53.5777478754	93.0235
HOT227	4	VS21	94	32.028	6840.59690715	91.6540536585
HOT227	4	VS20	56	32.169	100.106296202	84.058
HOT227	4	VS23	106	30.926	23191.2919535	93.2310273381
HOT227	4	VS22	84	31.824	33.3687654007	85.437
HOT227	4	VS25	105	29.927	107981.324837	95.3939629172
HOT227	4	VS26	55	29.251	667.375308015	99.5806
HOT227	4	VS29	82	28.0	900.95666582	83.8142592593
HOT229	5	VS52	49	22.818	1087.19431864	88.8332575758
HOT229	5	VS50	91	23.177	24330.0910398	92.5616106974
HOT229	5	VS51	9	22.88	181.199053106	92.0803636364
HOT229	5	VS54	47	22.665	1531.95563081	87.6027096774
HOT229	5	VS58	100	21.89	77190.7966234	90.9084590269
HOT229	5	VS59	8	21.604	32.945282383	90.9075
HOT224	1	VS100	26	16.054	90.5876215186	94.7786666667
HOT224	1	VS101	25	16.015	2778.02039324	96.2179836957
HOT226	3	VS23	106	30.926	16762.6276721	93.4066655738
HOT224	1	VS105	23	15.809	3230.95850083	88.2402897196
HOT224	1	VS106	22	15.427	1615.47925041	93.3543551402
HOT224	1	VS108	20	15.11	1373.9122597	94.376
HOT236	10	VS79	86	18.396	3184.20799679	90.4608304094
HOT232	7	VS69	39	20.158	332.052913819	99.8154545455
HOT226	3	VS28	15	28.336	247.317457458	100.0
HOT226	3	VS29	82	28.0	1291.54672228	87.264
HOT232	7	VS65	89	20.961	16341.0282437	91.2275646552
HOT234	9	VS81	99	17.724	17854.7844795	94.1742895724
HOT231	6	VS70	38	20.074	404.125051079	96.2974074074
HOT231	6	VS77	36	18.956	329.287078657	94.5317727273
HOT231	6	VS74	88	19.487	2813.90776307	92.5984361702
HOT237	11	VS94	29	16.502	547.795162133	97.4498541667
HOT234	9	VS54	47	22.665	1634.1213102	89.9138278689
HOT234	9	VS57	44	22.358	750.088470256	97.3969821429
HOT234	9	VS50	91	23.177	13086.3649186	92.7241576254
HOT234	9	VS59	8	21.604	308.072050284	90.4513478261
HOT233	8	VS35	12	26.017	576.462513861	93.2758
HOT233	8	VS37	81	25.828	259.408131237	92.0096666667
HOT225	2	VS11	58	39.219	6401.98690113	94.2503273543
HOT233	8	VS31	103	27.846	88559.0536918	94.5797300244
HOT233	8	VS30	104	27.949	45526.1270321	94.4220807217
HOT233	8	VS33	101	26.389	21602.9327069	95.9103829219
HOT233	8	VS32	14	26.81	374.700634009	94.0581153846
HOT224	1	VS7	70	43.665	51785.9236348	97.6203478134
HOT224	1	VS5	61	51.494	5450.35522803	97.5705290859
HOT224	1	VS4	62	54.391	58398.8200056	98.5875395553
HOT233	8	VS39	80	25.02	1023.2209621	92.2167042254
HOT233	8	VS38	54	25.81	19138.5554602	99.0486159639
HOT237	11	VG1	107	164.235	29124.4427868	92.0740909091
HOT234	9	VS37	81	25.828	5089.88604817	96.4617289474
HOT224	1	VS68	40	20.46	392.546359914	99.2506153846
HOT226	3	VS189	76	18.494	604.553784897	96.3153636364
HOT224	1	VS62	43	21.29	9738.16931325	98.0227922481
HOT224	1	VS63	7	21.131	105.685558438	99.8447142857
HOT224	1	VS60	102	26.94	280927.312266	94.0664096845
HOT224	1	VS61	90	21.296	18917.7149605	95.9445666401
HOT224	1	VS66	42	20.808	1328.61844894	91.1970909091
HOT224	1	VS67	41	20.689	5586.23666031	89.469672973
HOT224	1	VS64	6	21.063	166.077306117	93.2118181818
HOT224	1	VS65	89	20.961	35661.3270045	92.5780143946
HOT236	10	VS8	60	41.205	744.843975856	88.705475
HOT229	5	VS80	75	18.052	1350.7565777	90.8826829268
HOT237	11	VS89	66	16.912	399.433972389	99.1859142857
HOT233	8	VS84	33	17.492	562.050951014	99.2312564103
HOT238	12	VG1	107	164.235	75764.8958684	93.9876510946
HOT229	5	VS63	7	21.131	181.199053106	98.2315454545
HOT229	5	VS86	98	17.364	20211.930742	92.2750309698
HOT233	8	VS85	3	17.456	5317.86669036	97.1454308943
HOT236	10	VS62	43	21.29	74.4843975856	97.7275
HOT236	10	VS66	42	20.808	93.1054969821	85.6434
HOT237	11	VS8	60	41.205	68.4743952667	87.7565
HOT236	10	VS3	63	57.845	113067.315535	97.5074808959
HOT236	10	VS4	62	54.391	94874.5014247	98.5799605496
HOT236	10	VS5	61	51.494	29682.0324379	99.3828676286
HOT236	10	VS7	70	43.665	47818.98325	98.2270891745
HOT236	10	VS9	59	40.844	55.8632981892	100.0
HOT238	12	VS51	9	22.88	273.581208281	92.6090625
HOT234	9	VS75	87	19.149	9389.50031517	90.8505349501
HOT237	11	VS99	72	16.095	22.8247984222	92.437
HOT237	11	VS93	73	16.542	5112.75484658	94.6353415179
HOT237	11	VS92	74	16.745	114.123992111	87.976
HOT237	11	VS90	97	16.9	57.0619960556	89.8588
HOT237	11	VS97	28	16.161	7246.87349906	98.383496063
HOT237	11	VS95	85	16.245	6231.16996927	89.9731739927
HOT238	12	VS58	100	21.89	52305.3072583	92.5308996404
HOT225	2	VS107	21	15.344	3732.09998721	99.2964384615
HOT225	2	VS106	22	15.427	1205.75538048	95.3006904762
HOT225	2	VS104	24	15.868	1952.17537792	94.7309264706
HOT225	2	VS103	1	15.9	25837.6152961	89.9289066667
HOT225	2	VS101	25	16.015	2124.42614656	96.1422972973
HOT225	2	VS100	26	16.054	287.084614401	89.5813
HOT225	2	VS108	20	15.11	1923.46691648	94.8544179104
HOT229	5	VS17	95	34.077	576.542441702	97.2558571429
HOT224	1	VS58	100	21.89	134688.695261	94.6432630871
HOT224	1	VS54	47	22.665	1917.43798881	93.5687480315
HOT229	5	VS11	58	39.219	8664.60926673	93.0610589354
HOT238	12	VS95	85	16.245	12653.130883	91.743222973
HOT238	12	VS96	2	16.237	85.4941275879	86.955
HOT238	12	VS90	97	16.9	649.755369668	95.9803421053
HOT229	5	VS69	39	20.158	1301.33865413	99.178
HOT224	1	VS96	2	16.237	3895.2677253	95.5726046512
HOT229	5	VS68	40	20.46	49.4179235745	84.49
HOT226	3	VG1	107	164.235	97168.2810634	94.5026807127
HOT225	2	VS89	66	16.912	8067.07766466	98.7074839858
HOT229	5	VS48	50	23.468	609.487724085	91.6612972973
HOT229	5	VS45	51	23.869	63716.1761287	96.7549914685
HOT229	5	VS44	65	23.999	3311.00087949	89.3064776119
HOT229	5	VS47	93	23.51	41395.7473142	98.2749876641
HOT229	5	VS40	53	24.419	32.945282383	100.0
HOT229	5	VS43	78	24.068	4431.14048051	91.3583494424
HOT234	9	VS47	93	23.51	4326.40314094	94.4141083591
HOT234	9	VS46	10	23.707	53.5777478754	85.1595
HOT234	9	VS45	51	23.869	7232.99596318	94.2909296296
HOT237	11	VS86	98	17.364	7452.29668486	94.6314532925
HOT234	9	VS42	52	24.121	776.877344194	95.6157758621
HOT234	9	VS41	79	24.277	174.127680595	88.7319230769
HOT234	9	VS102	71	15.97	200.916554533	99.4986666667
HOT234	9	VS49	92	23.37	4996.12498938	94.0626058981
HOT233	8	VS41	79	24.277	57.6462513861	99.519
HOT233	8	VS42	52	24.121	273.819694084	88.94
HOT233	8	VS43	78	24.068	1124.10190203	94.2700384615
HOT233	8	VS44	65	23.999	1887.91473289	94.5088854962
HOT233	8	VS46	10	23.707	244.996568391	98.4541176471
HOT233	8	VS47	93	23.51	3112.89757485	97.3473981481
HOT233	8	VS49	92	23.37	2853.48944361	96.2396565657
HOT233	8	VS76	67	19.088	28.823125693	94.444
HOT232	7	VG1	107	164.235	42643.643902	95.6972038697
HOT234	9	VS104	24	15.868	1339.44369689	91.16662
HOT236	10	VS63	7	21.131	93.1054969821	94.5946
HOT237	11	VS49	92	23.37	1209.71431638	95.3584339623
HOT238	12	VS3	63	57.845	38643.3456697	97.494059292
HOT237	11	VS45	51	23.869	2761.80060909	96.6690413223
HOT224	1	VS75	87	19.149	17015.3749086	92.3423655723
HOT224	1	VS74	88	19.487	7805.63338752	94.4517350097
HOT224	1	VS77	36	18.956	1751.36068269	95.2891551724
HOT224	1	VS71	37	19.786	2264.69053796	91.95678
HOT224	1	VS70	38	20.074	1132.34526898	93.0745333333
HOT224	1	VS73	77	19.655	1343.71638586	91.9001685393
HOT224	1	VS72	5	19.667	1645.67512425	94.650440367
HOT224	1	VS79	86	18.396	8364.25705355	90.2436407942
HOT231	6	VS85	3	17.456	4939.30617985	97.265530303
HOT238	12	VS7	70	43.665	21612.9154542	97.9027721519
HOT233	8	VS79	86	18.396	2190.55755267	89.879875
HOT236	10	VS56	45	22.492	912.433870424	92.6458979592
HOT236	10	VS57	44	22.358	186.210993964	98.2222
HOT236	10	VS54	47	22.665	633.117379478	88.7763235294
HOT236	10	VS52	49	22.818	353.800888532	92.0506842105
HOT236	10	VS50	91	23.177	8751.91671631	91.2267744681
HOT236	10	VS51	9	22.88	74.4843975856	92.953
HOT236	10	VS58	100	21.89	27261.2895163	92.6273777322
HOT229	5	VS71	37	19.786	312.980182638	92.3049473684
HOT238	12	VS5	61	51.494	13832.9498437	99.5467824475
HOT238	12	VS8	60	41.205	478.767114492	89.56
HOT238	12	VS9	59	40.844	153.889429658	99.7894444444
HOT236	10	VS61	90	21.296	7671.89295132	96.0848131068
HOT237	11	VS44	65	23.999	330.959577122	86.8077241379
HOT237	11	VS46	10	23.707	273.897581067	87.5170833333
HOT237	11	VS42	52	24.121	205.4231858	90.748
HOT231	6	VS82	4	17.697	883.08807458	95.3798644068
HOT231	6	VS80	75	18.052	463.995429016	95.2469032258
HOT231	6	VS81	99	17.724	9594.2280645	92.9101965679
HOT231	6	VS86	98	17.364	6196.58411654	90.882821256
HOT231	6	VS84	33	17.492	164.643539328	96.9935454545
HOT231	6	VS88	31	17.085	59.8703779376	96.85475
HOT231	6	VS89	66	16.912	868.120480095	96.0307758621
HOT237	11	VS33	101	26.389	7977.26704857	94.0141173104
HOT234	9	VS86	98	17.364	16408.1852869	93.0769902041
