cruise	cruise_index	scaffold	scaffold_index	size	num_hits	percid
HOT238	12	VS87	32	17.269	85.4941275879	88.4232
HOT238	12	VS86	98	17.364	20775.0730039	93.9449711934
HOT238	12	VS85	3	17.456	2291.24261936	100.0
HOT238	12	VS84	33	17.492	598.458893115	89.2629142857
HOT238	12	VS82	4	17.697	119.691778623	96.041
HOT238	12	VS81	99	17.724	12892.5144403	95.1968832891
HOT238	12	VS80	75	18.052	478.767114492	93.6639642857
HOT238	12	VS89	66	16.912	4326.00285595	92.3511976285
HOT238	12	VS88	31	17.085	1419.20251796	91.0672168675
HOT234	9	VS101	25	16.015	6148.04656871	90.7649891068
HOT234	9	VS107	21	15.344	455.410856941	100.0
HOT237	11	VS59	8	21.604	22.8247984222	83.784
HOT237	11	VS58	100	21.89	17015.8872238	97.397767941
HOT237	11	VS57	44	22.358	125.536391322	95.4727272727
HOT237	11	VS56	45	22.492	388.021573178	92.7505294118
HOT237	11	VS54	47	22.665	125.536391322	88.4372727273
HOT237	11	VS53	48	22.706	2179.76824932	80.9279528796
HOT237	11	VS52	49	22.818	433.671170022	97.5120526316
HOT237	11	VS51	9	22.88	308.1347787	92.1435925926
HOT234	9	VS71	37	19.786	2866.40951134	98.3480560748
HOT232	7	VS9	59	40.844	372.301751858	86.1893243243
HOT232	7	VS4	62	54.391	84089.8848723	100.0
HOT232	7	VS5	61	51.494	4920.42045023	100.0
HOT232	7	VS7	70	43.665	4930.48265974	96.3179102041
HOT232	7	VS2	64	68.964	10.0622095097	62.069
HOT232	7	VS3	63	57.845	22378.3539495	100.0
HOT234	9	VS68	40	20.46	1406.41588173	91.5891047619
HOT234	9	VS65	89	20.961	92769.8704463	96.2326947733
HOT234	9	VS64	6	21.063	723.299596318	94.7344444444
HOT234	9	VS67	41	20.689	10594.9996424	92.6612819216
HOT234	9	VS66	42	20.808	2692.28183074	84.2765174129
HOT234	9	VS61	90	21.296	13957.0033216	100.0
HOT234	9	VS60	102	26.94	142141.765114	96.8703825858
HOT234	9	VS63	7	21.131	308.072050284	91.8423478261
HOT234	9	VS62	43	21.29	1955.58779745	100.0
HOT227	4	VS54	47	22.665	600.637777213	91.1080555556
HOT227	4	VS189	76	18.494	333.687654007	91.07
HOT236	10	VS85	3	17.456	3016.61810222	100.0
HOT236	10	VS84	33	17.492	1098.64486439	87.5487118644
HOT236	10	VS87	32	17.269	111.726596378	87.1038333333
HOT236	10	VS86	98	17.364	15548.617996	89.627
HOT236	10	VS81	99	17.724	11694.0504209	91.1897468153
HOT236	10	VS80	75	18.052	744.843975856	92.0567
HOT236	10	VS82	4	17.697	37.2421987928	100.0
HOT236	10	VS89	66	16.912	7392.57646038	90.1262770781
HOT226	3	VS68	40	20.46	1209.10756979	93.3230454545
HOT226	3	VS69	39	20.158	1071.70898232	92.6900769231
HOT226	3	VS64	6	21.063	109.918869981	78.81975
HOT226	3	VS65	89	20.961	54904.4755556	97.3732077077
HOT226	3	VS66	42	20.808	3544.8835569	89.5223333333
HOT226	3	VS67	41	20.689	8930.90818598	93.7488430769
HOT226	3	VS60	102	26.94	130418.739233	96.1569742941
HOT226	3	VS61	90	21.296	12063.5959804	100.0
HOT226	3	VS62	43	21.29	3819.68073185	100.0
HOT237	11	VS75	87	19.149	1027.115929	93.9339888889
HOT237	11	VS74	88	19.487	661.919154244	97.1091896552
HOT237	11	VS77	36	18.956	388.021573178	85.9641470588
HOT237	11	VS76	67	19.088	502.145565289	94.5606818182
HOT237	11	VS71	37	19.786	136.948790533	94.55975
HOT237	11	VS70	38	20.074	45.6495968444	78.66875
HOT237	11	VS73	77	19.655	479.320766867	90.2730714286
HOT237	11	VS72	5	19.667	159.773588956	83.7171428571
HOT237	11	VS79	86	18.396	1061.35312663	92.2567956989
HOT237	11	VS78	35	18.738	34.2371976333	78.5713333333
HOT238	12	VS14	69	35.649	5830.6995015	90.5271524927
HOT238	12	VS10	96	39.744	74516.6816056	95.759018816
HOT231	6	VS47	93	23.51	4714.79226259	100.0
HOT237	11	VS102	71	15.97	91.2991936889	82.055125
HOT226	3	VS49	92	23.37	5688.30152153	98.982531401
HOT226	3	VS42	52	24.121	8848.46903349	92.5997546584
HOT226	3	VS43	78	24.068	4231.87649428	97.4322987013
HOT226	3	VS40	53	24.419	1483.90474475	82.4264259259
HOT226	3	VS41	79	24.277	6073.01756646	95.6234886878
HOT226	3	VS46	10	23.707	109.918869981	76.7995
HOT226	3	VS47	93	23.51	5578.38265155	98.5996108374
HOT226	3	VS45	51	23.869	17367.181457	100.0
HOT237	11	VS13	57	35.89	3457.95696097	95.898990099
HOT237	11	VS11	58	39.219	353.784375544	92.266
HOT237	11	VS10	96	39.744	40810.7395789	94.2344423937
HOT237	11	VS17	95	34.077	182.598387378	88.17825
HOT237	11	VS16	68	34.431	3492.1941586	90.0424803922
HOT237	11	VS15	19	34.769	445.083569233	89.708025641
HOT237	11	VS14	69	35.649	2613.43941934	89.4222052402
HOT237	11	VS19	17	33.814	182.598387378	98.9130625
HOT237	11	VS18	18	34.068	5055.69285052	76.0702234763
HOT226	3	VS97	28	16.161	24017.2730909	100.0
HOT231	6	VS39	80	25.02	2275.07436163	96.6808881579
HOT231	6	VS38	54	25.81	3008.48649136	98.7749850746
HOT231	6	VS37	81	25.828	523.865806954	88.6287428571
HOT231	6	VS35	12	26.017	179.611133813	93.6314166667
HOT231	6	VS34	13	26.379	449.027834532	82.2140333333
HOT231	6	VS33	101	26.389	30189.638075	94.0336985622
HOT231	6	VS32	14	26.81	778.314913189	94.4241153846
HOT231	6	VS31	103	27.846	99384.8273764	95.3873751506
HOT231	6	VS30	104	27.949	19712.321936	96.0449187547
HOT234	9	VS21	94	32.028	31972.5210447	99.5471860075
HOT234	9	VS20	56	32.169	5237.22485482	94.2539258312
HOT234	9	VS23	106	30.926	35066.6359845	94.735381971
HOT234	9	VS22	84	31.824	3348.60924222	96.990128
HOT234	9	VS25	105	29.927	64842.4693663	99.2596323074
HOT234	9	VS24	83	30.339	6884.74060199	96.7499902724
HOT234	9	VS27	16	29.202	26.7888739377	100.0
HOT234	9	VS26	55	29.251	6402.54087112	99.3813702929
HOT234	9	VS29	82	28.0	3790.62566219	96.285130742
HOT234	9	VS28	15	28.336	2919.98725921	99.5924541284
HOT232	7	VS96	2	16.237	855.287808322	96.2596823529
HOT232	7	VS97	28	16.161	10635.7554517	100.0
HOT232	7	VS94	29	16.502	2173.43725409	100.0
HOT232	7	VS95	85	16.245	5343.03324964	97.9120037665
HOT232	7	VS92	74	16.745	472.923846955	91.8385957447
HOT232	7	VS93	73	16.542	2203.62388262	100.0
HOT232	7	VS90	97	16.9	181.119771174	98.4814444444
HOT232	7	VS91	30	16.88	30.186628529	76.923
HOT232	7	VS98	27	16.154	90.559885587	77.659
HOT232	7	VS99	72	16.095	1187.34072214	85.2088898305
HOT226	3	VS20	56	32.169	4726.51140919	94.0417906977
HOT226	3	VS21	94	32.028	34047.3699767	97.1313381759
HOT226	3	VS22	84	31.824	4726.51140919	96.4754069767
HOT226	3	VS23	106	30.926	32810.7826894	90.8621298157
HOT226	3	VS24	83	30.339	8381.31383607	94.6267770492
HOT226	3	VS25	105	29.927	49875.687254	98.3701190083
HOT226	3	VS26	55	29.251	4121.9576243	95.5325333333
HOT226	3	VS28	15	28.336	1896.10050718	87.578826087
HOT226	3	VS29	82	28.0	3187.64722946	93.1250172414
HOT229	5	VS189	76	18.494	1663.73676034	88.5309306931
HOT237	11	VS39	80	25.02	627.681956611	93.1128181818
HOT237	11	VS38	54	25.81	7155.57430537	100.0
HOT237	11	VS31	103	27.846	53752.4002843	96.9747284501
HOT237	11	VS30	104	27.949	15121.4289547	95.5714339623
HOT237	11	VS33	101	26.389	18225.6015401	90.9367795867
HOT237	11	VS32	14	26.81	1746.0970793	86.1886339869
HOT237	11	VS35	12	26.017	262.485181856	86.2734782609
HOT237	11	VS34	13	26.379	102.7115929	79.7308888889
HOT231	6	VS15	19	34.769	59.8703779376	99.21875
HOT231	6	VS14	69	35.649	3906.54216043	89.1456283525
HOT231	6	VS17	95	34.077	419.092645563	88.4491785714
HOT231	6	VS16	68	34.431	2439.71790096	92.8305521472
HOT231	6	VS11	58	39.219	1870.94931055	93.589608
HOT231	6	VS10	96	39.744	72937.0879225	95.6178247486
HOT231	6	VS13	57	35.89	21313.8545458	95.2949599719
HOT231	6	VS19	17	33.814	1481.79185396	100.0
HOT231	6	VS18	18	34.068	3382.67635347	75.0759646018
HOT224	1	VS47	93	23.51	10779.9269607	99.692605042
HOT226	3	VS63	7	21.131	137.398587477	89.5
HOT236	10	VS107	21	15.344	204.832093361	97.9529090909
HOT236	10	VS106	22	15.427	1508.30905111	86.4920123457
HOT236	10	VS105	23	15.809	893.812771028	96.0499375
HOT236	10	VS104	24	15.868	2048.32093361	94.7529909091
HOT236	10	VS103	1	15.9	7355.33426158	95.5491949367
HOT236	10	VS102	71	15.97	93.1054969821	78.2758
HOT236	10	VS101	25	16.015	5325.63442737	90.235465035
HOT236	10	VS100	26	16.054	912.433870424	86.4465918367
HOT226	3	VS5	61	51.494	12420.8323079	100.0
HOT226	3	VS4	62	54.391	56305.9411479	100.0
HOT226	3	VS7	70	43.665	76888.2495519	100.0
HOT226	3	VS3	63	57.845	165702.696497	100.0
HOT236	10	VS108	20	15.11	2476.60621972	89.717481203
HOT227	4	VS46	10	23.707	33.3687654007	66.667
HOT233	8	VS104	24	15.868	821.459082251	95.8506666667
HOT233	8	VS105	23	15.809	706.166579479	97.0841020408
HOT233	8	VS106	22	15.427	547.639388167	93.6678684211
HOT233	8	VS107	21	15.344	43.2346885395	70.8573333333
HOT233	8	VS100	26	16.054	749.401268019	83.35875
HOT233	8	VS102	71	15.97	129.704065619	91.8857777778
HOT233	8	VS103	1	15.9	4943.16605635	95.7685772595
HOT233	8	VS108	20	15.11	461.170011088	87.909125
HOT232	7	VS108	20	15.11	714.416875187	91.7212676056
HOT232	7	VS103	1	15.9	6459.93850521	95.6708302181
HOT232	7	VS102	71	15.97	110.684304606	83.6195454545
HOT232	7	VS101	25	16.015	1740.76224517	88.6792890173
HOT232	7	VS100	26	16.054	372.301751858	80.1814054054
HOT232	7	VS107	21	15.344	392.426170877	93.9942051282
HOT232	7	VS106	22	15.427	835.163389303	87.9763855422
HOT232	7	VS105	23	15.809	784.852341754	91.1239102564
HOT232	7	VS104	24	15.868	664.105827638	95.2013333333
HOT232	7	VS8	60	41.205	1781.01108321	90.9720225989
HOT229	5	VS98	27	16.154	510.651876936	72.8929354839
HOT229	5	VS99	72	16.095	4216.99614502	84.931046875
HOT229	5	VS96	2	16.237	2602.67730826	98.7011012658
HOT229	5	VS97	28	16.161	37261.1143752	100.0
HOT229	5	VS94	29	16.502	1795.51788987	99.5604862385
HOT229	5	VS95	85	16.245	20755.5279013	95.7478396825
HOT229	5	VS92	74	16.745	2108.49807251	91.9642265625
HOT229	5	VS93	73	16.542	7495.05174213	100.0
HOT229	5	VS90	97	16.9	1021.30375387	94.1776290323
HOT229	5	VS91	30	16.88	214.144335489	75.7826153846
HOT232	7	VS70	38	20.074	150.933142645	82.2258666667
HOT234	9	VS69	39	20.158	1701.09349505	98.5113385827
HOT236	10	VS27	16	29.202	55.8632981892	76.0416666667
HOT236	10	VS26	55	29.251	3053.86030101	91.4726829268
HOT236	10	VS24	83	30.339	7001.53337305	95.398106383
HOT236	10	VS23	106	30.926	21730.8229956	91.0550976864
HOT236	10	VS22	84	31.824	2457.98512033	96.810969697
HOT236	10	VS21	94	32.028	21861.1706914	96.3683551959
HOT236	10	VS20	56	32.169	3854.56757506	92.7058888889
HOT236	10	VS29	82	28.0	2849.02820765	91.4394183007
HOT231	6	VS73	77	19.655	1451.85666499	92.1277113402
HOT231	6	VS72	5	19.667	583.736184892	97.0185128205
HOT231	6	VS71	37	19.786	404.125051079	96.7759259259
HOT231	6	VS70	38	20.074	209.546322782	100.0
HOT231	6	VS77	36	18.956	553.800995923	89.4426216216
HOT231	6	VS76	67	19.088	598.703779376	94.0543
HOT231	6	VS75	87	19.149	2888.74573549	98.3077046632
HOT231	6	VS74	88	19.487	1556.62982638	96.9137211538
HOT231	6	VS79	86	18.396	2230.17157818	94.7230402685
HOT231	6	VS78	35	18.738	104.773161391	92.6331428571
HOT234	9	VS100	26	16.054	1888.61561261	89.5457021277
HOT234	9	VS103	1	15.9	9094.82270186	95.2015493373
HOT234	9	VS102	71	15.97	401.833109066	95.9804333333
HOT234	9	VS105	23	15.809	2330.63203258	99.6432413793
HOT234	9	VS104	24	15.868	2143.10991502	95.0784
HOT234	9	VS108	20	15.11	2009.16554533	90.4166066667
HOT229	5	VS74	88	19.487	1960.24430179	94.3129915966
HOT229	5	VS75	87	19.149	5913.67818775	92.6668551532
HOT229	5	VS76	67	19.088	955.413189107	93.6073103448
HOT229	5	VS77	36	18.956	1021.30375387	85.4556612903
HOT229	5	VS70	38	20.074	247.089617872	80.5440666667
HOT229	5	VS71	37	19.786	609.487724085	93.4408108108
HOT229	5	VS72	5	19.667	889.522624341	90.1590555556
HOT229	5	VS73	77	19.655	2717.9857966	91.4772121212
HOT229	5	VS78	35	18.738	494.179235745	90.9180666667
HOT229	5	VS79	86	18.396	5188.88197532	91.6589968254
HOT231	6	VG1	107	164.235	78235.61637	97.0495536637
HOT224	1	VG1	107	164.235	222588.884008	98.4120980126
HOT233	8	VS19	17	33.814	1138.51346487	100.0
HOT233	8	VS18	18	34.068	4265.82260257	75.6711722973
HOT233	8	VS17	95	34.077	331.46594547	91.4999565217
HOT233	8	VS16	68	34.431	5793.4482643	93.8995895522
HOT233	8	VS15	19	34.769	792.635956558	96.84
HOT233	8	VS14	69	35.649	4323.46885395	99.26824
HOT233	8	VS13	57	35.89	6701.37672363	96.1366129032
HOT233	8	VS11	58	39.219	2032.03036136	95.0998865248
HOT233	8	VS10	96	39.744	71178.7088989	96.0102735372
HOT229	5	VS60	102	26.94	163326.237414	95.2630392335
HOT229	5	VS68	40	20.46	560.069800511	89.1049117647
HOT226	3	VS30	104	27.949	30722.3241598	95.4334221825
HOT224	1	VS48	50	23.468	7428.18496452	99.1568191057
HOT224	1	VS49	92	23.37	8983.27246726	98.5288302521
HOT224	1	VS44	65	23.999	12984.225751	88.4675604651
HOT224	1	VS45	51	23.869	14599.7050014	100.0
HOT224	1	VS46	10	23.707	226.469053796	89.3636
HOT224	1	VS40	53	24.419	1238.03082742	79.6371219512
HOT224	1	VS41	79	24.277	7881.12307212	91.6301992337
HOT224	1	VS42	52	24.121	9526.79819637	92.0576354992
HOT224	1	VS43	78	24.068	6748.77780313	94.0678478747
HOT225	2	VS98	27	16.154	287.084614401	77.6197
HOT225	2	VS99	72	16.095	4794.31306049	91.6350898204
HOT225	2	VS92	74	16.745	1378.00614912	94.0444375
HOT225	2	VS93	73	16.542	14095.8545671	100.0
HOT225	2	VS90	97	16.9	2497.63614529	97.268091954
HOT225	2	VS91	30	16.88	947.379227522	77.8617575758
HOT225	2	VS96	2	16.237	4019.18460161	98.77755
HOT225	2	VS97	28	16.161	5540.73305793	100.0
HOT225	2	VS94	29	16.502	3186.63921985	100.0
HOT225	2	VS95	85	16.245	36344.9121831	98.9098483412
HOT231	6	VS59	8	21.604	89.8055669064	85.0396666667
HOT231	6	VS58	100	21.89	21867.6555417	98.179156742
HOT231	6	VS51	9	22.88	269.416700719	97.1904444444
HOT231	6	VS50	91	23.177	8381.85291126	99.0441035714
HOT231	6	VS53	48	22.706	2334.94473957	81.2942948718
HOT231	6	VS52	49	22.818	2110.4308223	97.3511843972
HOT231	6	VS55	46	22.624	29.9351889688	63.889
HOT231	6	VS54	47	22.665	763.347318704	95.0878431373
HOT231	6	VS57	44	22.358	314.319484172	90.5183333333
HOT231	6	VS56	45	22.492	3053.38927482	95.3745245098
HOT237	11	VS9	59	40.844	273.897581067	81.9874583333
HOT237	11	VS8	60	41.205	707.568751089	88.5276774194
HOT237	11	VS7	70	43.665	13694.8790533	99.7839333333
HOT237	11	VS5	61	51.494	376.609173967	82.0065757576
HOT237	11	VS4	62	54.391	3218.29657753	100.0
HOT237	11	VS3	63	57.845	3047.11058937	96.0145543071
HOT225	2	VS79	86	18.396	8382.8707405	95.8483630137
HOT227	4	VS7	70	43.665	24392.5675079	100.0
HOT227	4	VS4	62	54.391	25059.9428159	100.0
HOT227	4	VS5	61	51.494	2402.55110885	95.3377083333
HOT227	4	VS3	63	57.845	42878.8635399	99.5410210117
HOT227	4	VS8	60	41.205	3870.77678648	94.6643017241
HOT227	4	VS9	59	40.844	1434.85691223	90.4620930233
HOT229	5	VS52	49	22.818	6374.91214111	95.0102609819
HOT229	5	VS53	48	22.706	4118.16029787	81.5689
HOT229	5	VS50	91	23.177	15550.1732848	98.7213146186
HOT229	5	VS51	9	22.88	1317.81129532	89.54545
HOT229	5	VS56	45	22.492	7643.30551285	92.6588922414
HOT229	5	VS57	44	22.358	1186.03016579	88.3863611111
HOT229	5	VS54	47	22.665	1284.86601294	91.4338589744
HOT229	5	VS55	46	22.624	32.945282383	72.414
HOT229	5	VS58	100	21.89	48726.0726444	97.1608313049
HOT229	5	VS59	8	21.604	197.671694298	85.26875
HOT233	8	VS35	12	26.017	936.751585023	91.7326923077
HOT233	8	VS34	13	26.379	345.877508316	86.461125
HOT233	8	VS37	81	25.828	489.993136781	89.5763529412
HOT233	8	VS31	103	27.846	102163.569019	96.6629527437
HOT233	8	VS30	104	27.949	31186.6219999	98.4204200555
HOT233	8	VS32	14	26.81	1095.27877633	90.2131710526
HOT233	8	VS39	80	25.02	1124.10190203	95.5615384615
HOT233	8	VS38	54	25.81	15160.9641145	100.0
HOT224	1	VS68	40	20.46	1056.85558438	93.5661428571
HOT224	1	VS69	39	20.158	1660.77306117	97.2651909091
HOT224	1	VS62	43	21.29	5208.78823732	100.0
HOT224	1	VS63	7	21.131	286.860801475	93.8805263158
HOT224	1	VS60	102	26.94	233353.713032	97.3668001423
HOT224	1	VS61	90	21.296	11957.5660405	100.0
HOT224	1	VS66	42	20.808	5691.92221875	90.6615862069
HOT224	1	VS67	41	20.689	9496.60232253	91.7333974563
HOT224	1	VS64	6	21.063	392.546359914	95.9084230769
HOT224	1	VS65	89	20.961	41896.7749523	97.1292972973
HOT238	12	VG1	107	164.235	99822.9433716	95.2063064406
HOT236	10	VS69	39	20.158	670.359578271	85.2968611111
HOT236	10	VS68	40	20.46	800.707274046	91.0049534884
HOT236	10	VS63	7	21.131	74.4843975856	92.1815
HOT236	10	VS62	43	21.29	540.011882496	93.214137931
HOT236	10	VS61	90	21.296	4487.68495454	100.0
HOT236	10	VS60	102	26.94	96103.4939849	94.4775440806
HOT236	10	VS67	41	20.689	10297.4679662	92.6448679928
HOT236	10	VS66	42	20.808	2383.50072274	84.5296796875
HOT236	10	VS65	89	20.961	107927.892102	96.064005521
HOT236	10	VS64	6	21.063	55.8632981892	100.0
HOT237	11	VS99	72	16.095	524.970363711	87.2082391304
HOT237	11	VS93	73	16.542	2408.01623354	99.2918767773
HOT237	11	VS92	74	16.745	330.959577122	90.5743793103
HOT237	11	VS91	30	16.88	22.8247984222	61.111
HOT237	11	VS90	97	16.9	79.8867944778	90.986
HOT237	11	VS97	28	16.161	4496.48528918	100.0
HOT237	11	VS96	2	16.237	433.671170022	89.9576578947
HOT237	11	VS95	85	16.245	6231.16996927	96.5294468864
HOT225	2	VS107	21	15.344	2555.05306817	100.0
HOT225	2	VS106	22	15.427	2267.96845376	91.1111392405
HOT225	2	VS105	23	15.809	2784.72075969	95.5348556701
HOT225	2	VS104	24	15.868	2612.46999105	95.6881758242
HOT225	2	VS103	1	15.9	20009.7976237	94.7375451937
HOT225	2	VS102	71	15.97	1263.17230336	100.0
HOT225	2	VS101	25	16.015	6890.03074561	92.5563708333
HOT225	2	VS100	26	16.054	2067.00922368	87.0411805556
HOT225	2	VS108	20	15.11	2727.30383681	92.7833684211
HOT224	1	VS58	100	21.89	77074.9679754	99.5159498531
HOT224	1	VS54	47	22.665	2793.11833016	93.5128810811
HOT225	2	VS80	75	18.052	2009.5923008	97.1270285714
HOT232	7	VG1	107	164.235	48107.4236657	96.9805444468
HOT227	4	VS76	67	19.088	1301.38185063	94.1904358974
HOT229	5	VS38	54	25.81	10904.8884688	95.629978852
HOT229	5	VS39	80	25.02	6144.29516443	94.301536193
HOT229	5	VS30	104	27.949	41445.1652378	96.1751244038
HOT229	5	VS31	103	27.846	177558.599403	95.6130411912
HOT229	5	VS32	14	26.81	1614.31883677	91.1802142857
HOT229	5	VS33	101	26.389	51921.7650356	95.5665126904
HOT229	5	VS34	13	26.379	1284.86601294	82.1317692308
HOT229	5	VS35	12	26.017	181.199053106	74.1784545455
HOT233	8	VS53	48	22.706	2622.90443807	78.7332582418
HOT233	8	VS52	49	22.818	2046.4419242	97.0646267606
HOT233	8	VS51	9	22.88	345.877508316	92.8080416667
HOT233	8	VS50	91	23.177	8301.06019959	98.1597690972
HOT233	8	VS57	44	22.358	475.581573935	98.3744848485
HOT233	8	VS56	45	22.492	2305.85005544	96.27860625
HOT233	8	VS55	46	22.624	14.4115628465	65.789
HOT233	8	VS58	100	21.89	49316.3680608	99.5168945061
HOT234	9	VS17	95	34.077	1352.83813385	96.1636732673
HOT225	2	VG1	107	164.235	164872.69405	97.6851469615
HOT229	5	VS103	1	15.9	22073.3391966	94.1629932836
HOT229	5	VS102	71	15.97	494.179235745	87.5637333333
HOT229	5	VS101	25	16.015	6440.80270588	87.8162634271
HOT229	5	VS100	26	16.054	609.487724085	89.8399459459
HOT229	5	VS107	21	15.344	214.144335489	89.778
HOT229	5	VS106	22	15.427	3146.27446758	88.1312984293
HOT229	5	VS105	23	15.809	2915.65749089	92.9452937853
HOT229	5	VS108	20	15.11	3129.80182638	93.1411105263
HOT236	10	VS41	79	24.277	4673.8959485	97.0312749004
HOT236	10	VS40	53	24.419	800.707274046	85.6523953488
HOT236	10	VS43	78	24.068	1787.62554206	84.7010729167
HOT236	10	VS42	52	24.121	3053.86030101	88.619945122
HOT236	10	VS45	51	23.869	5567.70871953	100.0
HOT236	10	VS44	65	23.999	11638.1871228	89.055984
HOT236	10	VS47	93	23.51	3649.7354817	95.139244898
HOT236	10	VS46	10	23.707	130.347695775	85.3025714286
HOT236	10	VS49	92	23.37	3947.67307204	90.9092169811
HOT236	10	VS48	50	23.468	782.086174649	83.0960952381
HOT231	6	VS99	72	16.095	1212.37515324	86.3493950617
HOT231	6	VS98	27	16.154	35563.0044949	100.0
HOT231	6	VS95	85	16.245	9264.94098584	98.3481114701
HOT231	6	VS94	29	16.502	1616.50020432	100.0
HOT231	6	VS97	28	16.161	8262.11215539	100.0
HOT231	6	VS96	2	16.237	1362.05109808	93.8204725275
HOT231	6	VS91	30	16.88	14.9675944844	66.667
HOT231	6	VS90	97	16.9	613.67137386	97.8483902439
HOT231	6	VS93	73	16.542	3053.38927482	100.0
HOT231	6	VS92	74	16.745	1017.79642494	94.6440588235
HOT238	12	VS32	14	26.81	615.557718633	94.4938055556
HOT238	12	VS30	104	27.949	28845.7186482	96.3564356846
HOT226	3	VS71	37	19.786	1978.53965966	97.1198472222
HOT237	11	VS80	75	18.052	102.7115929	95.3298888889
HOT232	7	VS189	76	18.494	513.172684993	84.9167843137
HOT233	8	VS189	76	18.494	302.642819777	89.645952381
HOT227	4	VS81	99	17.724	15483.1071459	95.0069094828
HOT227	4	VS80	75	18.052	467.16271561	93.7081428571
HOT227	4	VS87	32	17.269	66.7375308015	83.772
HOT227	4	VS86	98	17.364	26394.693432	94.1185562579
HOT227	4	VS85	3	17.456	11011.6925822	100.0
HOT227	4	VS84	33	17.492	400.425184809	91.8205833333
HOT227	4	VS89	66	16.912	4805.1022177	89.8090486111
HOT227	4	VS88	31	17.085	4104.35814429	91.1758780488
HOT236	10	VS88	31	17.085	5027.69683703	90.7491888889
HOT229	5	VS16	68	34.431	8582.24606077	90.3088502879
HOT229	5	VS17	95	34.077	988.35847149	82.04945
HOT229	5	VS14	69	35.649	8055.12154264	91.8407791411
HOT229	5	VS15	19	34.769	280.034900255	79.4657647059
HOT229	5	VS10	96	39.744	116461.573224	95.9413554455
HOT229	5	VS11	58	39.219	6737.31024732	94.3185330073
HOT229	5	VS18	18	34.068	5781.89705822	75.0105498575
HOT229	5	VS19	17	33.814	395.343388596	99.1343333333
HOT233	8	VS79	86	18.396	1830.26848151	94.8962834646
HOT233	8	VS78	35	18.738	86.4693770791	85.8785
HOT233	8	VS71	37	19.786	288.23125693	97.46835
HOT233	8	VS70	38	20.074	144.115628465	87.7861
HOT233	8	VS73	77	19.655	605.285639554	93.6828571429
HOT233	8	VS72	5	19.667	345.877508316	95.8673333333
HOT233	8	VS75	87	19.149	1931.14942143	95.7099850746
HOT233	8	VS74	88	19.487	1311.45221903	91.3999230769
HOT233	8	VS77	36	18.956	576.462513861	88.532625
HOT233	8	VS76	67	19.088	634.108765247	93.9060454545
HOT224	1	VS102	71	15.97	1524.8916289	97.6249009901
HOT224	1	VS104	24	15.868	3276.25231159	96.2295391705
HOT225	2	VS34	13	26.379	1521.54845632	87.0851509434
HOT225	2	VS35	12	26.017	918.670766082	100.0
HOT225	2	VS37	81	25.828	2870.84614401	91.64224
HOT225	2	VS30	104	27.949	42287.5637012	96.3092206382
HOT225	2	VS31	103	27.846	210605.273124	94.3443095692
HOT225	2	VS32	14	26.81	1923.46691648	90.2113432836
HOT225	2	VS33	101	26.389	49522.0959841	91.0265234783
HOT225	2	VS38	54	25.81	33962.1098836	100.0
HOT225	2	VS39	80	25.02	5913.94305665	95.674184466
HOT224	1	VS28	15	28.336	3185.66469007	91.6257962085
HOT224	1	VS29	82	28.0	5238.98411116	89.4064034582
HOT224	1	VS26	55	29.251	11051.6898253	100.0
HOT224	1	VS27	16	29.202	30.1958738395	77.7605
HOT224	1	VS24	83	30.339	8530.33435967	94.4264
HOT224	1	VS25	105	29.927	112313.552746	99.3948509208
HOT224	1	VS22	84	31.824	5888.19539871	96.1147307692
HOT224	1	VS23	106	30.926	56315.3047107	94.7867418231
HOT224	1	VS20	56	32.169	7020.54066769	93.7135698925
HOT224	1	VS21	94	32.028	44976.754084	96.3823615307
HOT226	3	VS86	98	17.364	19483.1197042	90.3165275035
HOT226	3	VS87	32	17.269	329.756609944	86.646
HOT226	3	VS84	33	17.492	1401.46559226	88.728745098
HOT226	3	VS85	3	17.456	28798.7439351	100.0
HOT226	3	VS80	75	18.052	2033.49909465	96.6371486486
HOT226	3	VS81	99	17.724	15058.8851874	91.748060219
HOT226	3	VS88	31	17.085	9315.62423091	90.4722507375
HOT226	3	VS89	66	16.912	13107.8252453	95.7425178197
HOT234	9	VS189	76	18.494	1232.28820114	96.127076087
HOT233	8	VS33	101	26.389	30610.159486	94.3305188324
HOT234	9	VS18	18	34.068	4232.64208216	75.9467879747
HOT233	8	VS97	28	16.161	2406.73099537	100.0
HOT233	8	VS96	2	16.237	691.755016633	91.1032291667
HOT233	8	VS95	85	16.245	6557.26109516	98.5765934066
HOT233	8	VS94	29	16.502	1426.7447218	100.0
HOT233	8	VS93	73	16.542	2421.14255821	99.6356190476
HOT233	8	VS92	74	16.745	403.523759702	96.6090714286
HOT233	8	VS90	97	16.9	317.054382623	98.0134090909
HOT233	8	VS99	72	16.095	893.516896484	85.8435
HOT233	8	VS98	27	16.154	72.0578142326	81.3552
HOT225	2	VS13	57	35.89	25952.4491418	97.3978816372
HOT225	2	VS10	96	39.744	138547.03491	93.8965346042
HOT225	2	VS11	58	39.219	8325.45381762	94.6493655172
HOT225	2	VS16	68	34.431	28450.0852871	95.4062815338
HOT225	2	VS14	69	35.649	17138.9514797	99.2883417085
HOT225	2	VS15	19	34.769	1320.58922624	97.2404782609
HOT225	2	VS18	18	34.068	4823.02152193	75.8974464286
HOT225	2	VS19	17	33.814	1952.17537792	100.0
HOT238	12	VS18	18	34.068	2479.32970005	74.9402068966
HOT238	12	VS19	17	33.814	119.691778623	100.0
HOT238	12	VS15	19	34.769	735.249497256	86.7340465116
HOT238	12	VS16	68	34.431	4992.85705113	90.300739726
HOT238	12	VS17	95	34.077	547.162416563	85.3111875
HOT238	12	VS11	58	39.219	1470.49899451	92.3722674419
HOT238	12	VS13	57	35.89	35343.2723448	97.5079506531
HOT227	4	VS47	93	23.51	3370.24530547	97.9467029703
HOT227	4	VS45	51	23.869	18286.0834396	100.0
HOT227	4	VS44	65	23.999	3637.19542868	92.3068807339
HOT227	4	VS43	78	24.068	1101.16925822	93.2053030303
HOT227	4	VS42	52	24.121	4137.72690969	88.5463790323
HOT227	4	VS41	79	24.277	5172.15863711	97.8424258065
HOT227	4	VS40	53	24.419	367.056419408	75.4207272727
HOT227	4	VS49	92	23.37	2836.34505906	97.9959176471
HOT227	4	VS48	50	23.468	433.793950209	81.6056153846
HOT234	9	VG1	107	164.235	165407.902128	99.6921135315
HOT227	4	VS67	41	20.689	4604.8896253	93.0266884058
HOT225	2	VS78	35	18.738	430.626921601	95.8706
HOT225	2	VS70	38	20.074	13004.9330323	100.0
HOT225	2	VS71	37	19.786	4392.39460033	98.0643464052
HOT225	2	VS72	5	19.667	2526.34460673	94.8007159091
HOT225	2	VS73	77	19.655	2612.46999105	92.857956044
HOT225	2	VS74	88	19.487	6114.90228673	98.3941784038
HOT225	2	VS75	87	19.149	13177.183801	100.0
HOT225	2	VS76	67	19.088	1808.63307072	94.7823174603
HOT225	2	VS77	36	18.956	2124.42614656	95.7258918919
HOT232	7	VS69	39	20.158	281.741866271	100.0
HOT232	7	VS68	40	20.46	231.430818722	91.0423913043
HOT232	7	VS67	41	20.689	2545.73900595	91.6078537549
HOT232	7	VS66	42	20.808	855.287808322	88.9995294118
HOT232	7	VS65	89	20.961	22146.9231308	96.830644707
HOT232	7	VS64	6	21.063	30.186628529	80.2083333333
HOT232	7	VS63	7	21.131	70.4354665677	95.6858571429
HOT232	7	VS62	43	21.29	362.239542348	93.4389444444
HOT232	7	VS61	90	21.296	8240.94958842	100.0
HOT232	7	VS60	102	26.94	65525.108327	94.231841984
HOT238	12	VS25	105	29.927	53775.8062528	97.8771316375
HOT238	12	VS38	54	25.81	8258.73272499	99.6683229814
HOT238	12	VS39	80	25.02	1470.49899451	92.8075465116
HOT238	12	VS33	101	26.389	32590.3614365	93.7492801679
HOT238	12	VS31	103	27.846	112065.702442	97.2415360085
HOT238	12	VS37	81	25.828	906.237752432	84.8312075472
HOT238	12	VS34	13	26.379	615.557718633	77.0123611111
HOT238	12	VS35	12	26.017	718.150671738	92.3131666667
HOT237	11	VS94	29	16.502	353.784375544	99.1793870968
HOT237	11	VS189	76	18.494	125.536391322	85.3811818182
HOT227	4	VS69	39	20.158	367.056419408	93.36
HOT227	4	VS68	40	20.46	233.581357805	91.9604285714
HOT227	4	VS65	89	20.961	20488.421956	97.1816840391
HOT227	4	VS64	6	21.063	133.475061603	100.0
HOT227	4	VS66	42	20.808	767.481604217	88.5186521739
HOT227	4	VS61	90	21.296	1701.80703544	100.0
HOT227	4	VS60	102	26.94	161171.136886	97.2780221532
HOT227	4	VS63	7	21.131	66.7375308015	77.273
HOT227	4	VS62	43	21.29	767.481604217	94.871
HOT234	9	VS98	27	16.154	133.944369689	74.0791
HOT234	9	VS90	97	16.9	790.271781163	97.6036271186
HOT234	9	VS91	30	16.88	120.54993272	81.3944444444
HOT234	9	VS92	74	16.745	857.243966007	94.252109375
HOT234	9	VS93	73	16.542	3763.83678825	100.0
HOT234	9	VS94	29	16.502	6094.46882083	100.0
HOT234	9	VS95	85	16.245	15832.2244972	98.3265854484
HOT234	9	VS96	2	16.237	2384.20978046	97.9491123596
HOT234	9	VS97	28	16.161	5531.90246814	100.0
HOT234	9	VS99	72	16.095	2919.98725921	91.4836880734
HOT224	1	VS88	31	17.085	29048.4306336	89.501970894
HOT224	1	VS89	66	16.912	14795.9781814	96.0857744898
HOT224	1	VS80	75	18.052	2143.90704261	96.9370915493
HOT224	1	VS81	99	17.724	29244.7038136	96.3115513681
HOT224	1	VS82	4	17.697	1766.45861961	100.0
HOT224	1	VS84	33	17.492	1796.65449345	91.9021848739
HOT224	1	VS85	3	17.456	13618.3391016	100.0
HOT224	1	VS86	98	17.364	35525.4455722	93.5039298768
HOT224	1	VS87	32	17.269	301.958738395	83.8656
HOT225	2	VS56	45	22.492	11770.4691904	96.6923292683
HOT225	2	VS57	44	22.358	1693.79922496	97.442
HOT225	2	VS54	47	22.665	2612.46999105	99.8857252747
HOT225	2	VS52	49	22.818	5454.60767361	96.3684315789
HOT225	2	VS53	48	22.706	2641.17845249	83.6302608696
HOT225	2	VS50	91	23.177	24172.5245325	99.5134346793
HOT225	2	VS51	9	22.88	2153.134608	93.3429333333
HOT225	2	VS58	100	21.89	35856.8683386	99.0889559648
HOT225	2	VS59	8	21.604	430.626921601	90.2494666667
HOT232	7	VS45	51	23.869	8824.55773998	100.0
HOT232	7	VS44	65	23.999	7516.47050372	89.1212838019
HOT232	7	VS46	10	23.707	110.684304606	73.1229090909
HOT232	7	VS41	79	24.277	1408.70933135	91.1426928571
HOT232	7	VS40	53	24.419	140.870933135	70.2696428571
HOT232	7	VS43	78	24.068	1016.28316048	93.0071683168
HOT232	7	VS42	52	24.121	1106.84304606	89.4002818182
HOT232	7	VS49	92	23.37	2726.85877712	96.505498155
HOT232	7	VS48	50	23.468	392.426170877	85.3477179487
HOT225	2	VS55	46	22.624	86.1253843202	67.7193333333
HOT238	12	VS50	91	23.177	6446.25722013	98.8592519894
HOT238	12	VS52	49	22.818	1726.98137728	95.5851089109
HOT238	12	VS53	48	22.706	2154.45201522	79.6822857143
HOT238	12	VS54	47	22.665	564.26124208	91.8818787879
HOT238	12	VS55	46	22.624	85.4941275879	69.5178
HOT238	12	VS56	45	22.492	1915.06845797	91.4990446429
HOT238	12	VS58	100	21.89	36249.5100973	97.7080731132
HOT238	12	VS59	8	21.604	68.3953020703	83.11375
HOT233	8	VS44	65	23.999	11183.3727689	87.2141056701
HOT232	7	VS47	93	23.51	7345.41294206	100.0
HOT229	5	VG1	107	164.235	147578.392435	94.5788179484
HOT225	2	VS9	59	40.844	3445.01537281	83.4973166667
HOT232	7	VS23	106	30.926	15666.8602066	89.9727064868
HOT232	7	VS22	84	31.824	1157.15409361	96.5127304348
HOT232	7	VS21	94	32.028	12205.4601352	96.4566042869
HOT232	7	VS20	56	32.169	1177.27851263	92.7282905983
HOT232	7	VS27	16	29.202	10.0622095097	66.667
HOT232	7	VS26	55	29.251	1056.53199852	96.4110571429
HOT232	7	VS25	105	29.927	20476.5963522	98.5611759214
HOT232	7	VS24	83	30.339	1237.65176969	94.1722926829
HOT232	7	VS29	82	28.0	865.350017832	89.7266511628
HOT232	7	VS28	15	28.336	462.861637445	97.4101521739
HOT236	10	VS37	81	25.828	1675.89894568	86.7115111111
HOT231	6	VS26	55	29.251	1212.37515324	94.5945061728
HOT231	6	VS21	94	32.028	9803.77438728	95.0797129771
HOT231	6	VS23	106	30.926	22586.100077	91.418241882
HOT224	1	VS70	38	20.074	1026.65971054	94.3543088235
HOT238	12	VS78	35	18.738	170.988255176	87.1509
HOT238	12	VS79	86	18.396	2616.12030419	92.6129542484
HOT238	12	VS76	67	19.088	666.854195186	93.8853333333
HOT238	12	VS77	36	18.956	803.644799326	86.7004893617
HOT238	12	VS74	88	19.487	1436.30134348	96.9194404762
HOT238	12	VS75	87	19.149	2530.6261766	93.8108986486
HOT238	12	VS72	5	19.667	393.272986904	95.8993043478
HOT238	12	VS73	77	19.655	854.941275879	93.06796
HOT238	12	VS70	38	20.074	598.458893115	80.2346571429
HOT238	12	VS71	37	19.786	307.778859316	84.5090555556
HOT231	6	VS189	76	18.494	598.703779376	90.22065
HOT227	4	VS21	94	32.028	12646.7620869	94.6692242744
HOT227	4	VS20	56	32.169	2035.49468944	94.7537868852
HOT227	4	VS23	106	30.926	35370.8913248	92.0665264151
HOT227	4	VS22	84	31.824	1801.91333164	95.4085925926
HOT227	4	VS25	105	29.927	80218.5120234	98.6316963394
HOT227	4	VS24	83	30.339	4271.20197129	93.0378515625
HOT227	4	VS26	55	29.251	1368.11938143	96.3128780488
HOT227	4	VS29	82	28.0	734.112838816	97.4070454545
HOT227	4	VS28	15	28.336	533.900246412	86.2231875
HOT238	12	VS108	20	15.11	1025.92953105	90.0578666667
HOT238	12	VS105	23	15.809	649.755369668	93.1313684211
HOT238	12	VS104	24	15.868	1504.69664555	97.3475340909
HOT238	12	VS107	21	15.344	51.2964765527	85.1373333333
HOT238	12	VS106	22	15.427	906.237752432	88.8749245283
HOT238	12	VS101	25	16.015	2342.53909591	88.2629708029
HOT238	12	VS100	26	16.054	170.988255176	84.2623
HOT238	12	VS103	1	15.9	6172.67601185	95.5835761773
HOT238	12	VS102	71	15.97	85.4941275879	81.4242
HOT234	9	VS37	81	25.828	3683.47016644	98.7076181818
HOT234	9	VS30	104	27.949	31637.6601204	97.3967984759
HOT234	9	VS54	47	22.665	1593.93799929	88.1626722689
HOT234	9	VS55	46	22.624	160.733243626	73.5608333333
HOT234	9	VS56	45	22.492	6389.14643415	93.9736373166
HOT234	9	VS57	44	22.358	1017.97720963	92.7801842105
HOT234	9	VS50	91	23.177	12242.5153895	98.1442221007
HOT234	9	VS51	9	22.88	1540.36025142	91.0423130435
HOT234	9	VS52	49	22.818	4460.34751063	95.6390690691
HOT234	9	VS59	8	21.604	361.649798159	91.9657037037
HOT237	11	VG1	107	164.235	47852.1898922	93.7833033627
HOT236	10	VS2	64	68.964	37.2421987928	70.588
HOT236	10	VS3	63	57.845	70983.6308991	100.0
HOT236	10	VS4	62	54.391	65546.2698754	100.0
HOT236	10	VS5	61	51.494	23760.5228298	100.0
HOT236	10	VS7	70	43.665	34281.4439888	100.0
HOT236	10	VS8	60	41.205	5120.80233401	90.8745563636
HOT236	10	VS9	59	40.844	1340.71915654	87.0759861111
HOT238	12	VS51	9	22.88	615.557718633	94.7793888889
HOT238	12	VS57	44	22.358	461.668288975	89.7406666667
HOT238	12	VS95	85	16.245	13114.799172	96.5541355932
HOT238	12	VS96	2	16.237	683.953020703	98.9973
HOT238	12	VS97	28	16.161	35616.8535531	100.0
HOT238	12	VS90	97	16.9	341.976510352	98.52815
HOT238	12	VS91	30	16.88	68.3953020703	75.73075
HOT238	12	VS93	73	16.542	4548.28758768	100.0
HOT238	12	VS98	27	16.154	222.284731729	76.422
HOT238	12	VS99	72	16.095	1504.69664555	85.4045
HOT226	3	VG1	107	164.235	122916.776357	95.592072211
HOT234	9	VS106	22	15.427	1848.4323017	92.7282536232
HOT237	11	VS48	50	23.468	125.536391322	82.9743636364
HOT237	11	VS49	92	23.37	2179.76824932	95.268565445
HOT237	11	VS44	65	23.999	10476.5824758	83.5494422658
HOT237	11	VS47	93	23.51	3800.3289373	100.0
HOT237	11	VS40	53	24.419	114.123992111	77.5556
HOT237	11	VS41	79	24.277	490.733166078	94.8327209302
HOT237	11	VS42	52	24.121	342.371976333	91.1981666667
HOT226	3	VS104	24	15.868	2857.89061951	95.6760384615
HOT234	9	VS88	31	17.085	17091.3015723	92.4945995298
HOT234	9	VS72	5	19.667	1473.38806657	94.9030090909
HOT234	9	VS73	77	19.655	1299.26038598	93.4205360825
HOT234	9	VS70	38	20.074	589.35522663	84.9010454545
HOT234	9	VS76	67	19.088	1406.41588173	94.1925047619
HOT234	9	VS77	36	18.956	1098.34383145	92.915304878
HOT234	9	VS74	88	19.487	3469.15917493	96.9343011583
HOT234	9	VS75	87	19.149	4527.31969547	96.2102899408
HOT234	9	VS78	35	18.738	308.072050284	81.4224782609
HOT234	9	VS79	86	18.396	5183.64710695	92.6099922481
HOT226	3	VS48	50	23.468	5028.78830164	98.8696885246
HOT226	3	VS44	65	23.999	10799.5289757	98.0846183206
HOT237	11	VS100	26	16.054	34.2371976333	76.716
HOT237	11	VS101	25	16.015	502.145565289	89.0044090909
HOT237	11	VS103	1	15.9	3515.01895702	94.673461039
HOT237	11	VS104	24	15.868	764.630747144	94.3867761194
HOT237	11	VS105	23	15.809	251.072782644	95.5260909091
HOT237	11	VS106	22	15.427	319.547177911	88.5527142857
HOT237	11	VS107	21	15.344	22.8247984222	85.0
HOT237	11	VS108	20	15.11	205.4231858	84.7806666667
HOT229	5	VS37	81	25.828	2108.49807251	83.22475
HOT233	8	VS54	47	22.665	662.93189094	89.4157608696
HOT233	8	VS59	8	21.604	86.4693770791	95.8766666667
HOT236	10	VS98	27	16.154	391.043087325	74.9332857143
HOT236	10	VS99	72	16.095	3128.3446986	85.1356428571
HOT236	10	VS92	74	16.745	484.148584307	95.0210384615
HOT236	10	VS93	73	16.542	7560.16635494	99.774226601
HOT236	10	VS90	97	16.9	297.937590343	93.777125
HOT236	10	VS91	30	16.88	130.347695775	79.476
HOT236	10	VS96	2	16.237	1340.71915654	99.2352222222
HOT236	10	VS97	28	16.161	34728.3503743	100.0
HOT236	10	VS94	29	16.502	2364.87962334	100.0
HOT236	10	VS95	85	16.245	14580.3208274	96.4588556833
HOT237	11	VS68	40	20.46	57.0619960556	89.962
HOT237	11	VS69	39	20.158	262.485181856	95.4780434783
HOT237	11	VS62	43	21.29	34.2371976333	84.9736666667
HOT237	11	VS63	7	21.131	148.361189744	88.5073076923
HOT237	11	VS60	102	26.94	80731.3120194	93.9677777778
HOT237	11	VS61	90	21.296	2579.20222171	100.0
HOT237	11	VS66	42	20.808	376.609173967	85.7970909091
HOT237	11	VS67	41	20.689	1186.88951796	92.7835961538
HOT237	11	VS64	6	21.063	68.4743952667	79.9276666667
HOT237	11	VS65	89	20.961	5306.76563317	97.1270215054
HOT231	6	VS9	59	40.844	703.476940767	84.6874893617
HOT231	6	VS8	60	41.205	2514.55587338	88.8951428571
HOT231	6	VS3	63	57.845	9040.42706858	99.4444453642
HOT231	6	VS2	64	68.964	29.9351889688	67.568
HOT231	6	VS5	61	51.494	3592.22267626	100.0
HOT231	6	VS4	62	54.391	25729.2949187	100.0
HOT231	6	VS7	70	43.665	7079.67219112	98.3276934461
HOT234	9	VS19	17	33.814	2558.33746105	100.0
HOT234	9	VS10	96	39.744	103498.814458	95.5083756956
HOT234	9	VS11	58	39.219	5505.1135942	92.9247761557
HOT234	9	VS13	57	35.89	20024.6832684	97.685341806
HOT234	9	VS14	69	35.649	11505.8213563	99.8026228172
HOT234	9	VS15	19	34.769	2491.36527621	98.6675967742
HOT234	9	VS16	68	34.431	20774.7717387	92.5961766602
HOT225	2	VS189	76	18.494	1779.92460928	94.9395645161
HOT229	5	VS104	24	15.868	3393.36408545	95.0037815534
HOT226	3	VS79	86	18.396	6622.61191637	93.0424813278
HOT226	3	VS78	35	18.738	686.992937383	95.03856
HOT226	3	VS77	36	18.956	1401.46559226	89.6879411765
HOT226	3	VS76	67	19.088	1538.86417974	94.2497857143
HOT226	3	VS75	87	19.149	6237.89587144	95.7986828194
HOT226	3	VS74	88	19.487	5056.26801914	98.6712282609
HOT226	3	VS73	77	19.655	2445.69485708	94.2811235955
HOT226	3	VS72	5	19.667	632.033502392	91.1725652174
HOT226	3	VS70	38	20.074	13052.8658103	100.0
HOT231	6	VS28	15	28.336	1257.27793669	100.0
HOT231	6	VS29	82	28.0	1197.40755875	91.7305
HOT231	6	VS24	83	30.339	1766.17614916	95.8499830508
HOT231	6	VS25	105	29.927	34889.4627431	98.4790699271
HOT231	6	VS27	16	29.202	29.9351889688	76.316
HOT231	6	VS20	56	32.169	1706.30577122	93.9526929825
HOT231	6	VS22	84	31.824	2200.23638921	96.9668707483
HOT224	1	VS189	76	18.494	2279.78847488	93.825807947
HOT234	9	VS34	13	26.379	1098.34383145	85.8457560976
HOT234	9	VS35	12	26.017	549.171915723	90.2999756098
HOT234	9	VS32	14	26.81	1272.47151204	90.1135157895
HOT234	9	VS33	101	26.389	38803.6838988	93.5446983086
HOT234	9	VS31	103	27.846	187629.27306	95.3792995431
HOT234	9	VS38	54	25.81	49479.050163	100.0
HOT234	9	VS39	80	25.02	2759.25401559	94.569868932
HOT226	3	VS102	71	15.97	1181.6278523	100.0
HOT226	3	VS103	1	15.9	19345.7211167	95.3288721591
HOT226	3	VS100	26	16.054	2528.13400957	87.1471195652
HOT226	3	VS101	25	16.015	9782.77942833	90.86275
HOT226	3	VS106	22	15.427	1758.7019197	88.40065625
HOT226	3	VS107	21	15.344	8024.07750863	100.0
HOT226	3	VS105	23	15.809	2940.329772	95.8209906542
HOT226	3	VS108	20	15.11	4946.34914916	94.8593055556
HOT231	6	VS108	20	15.11	598.703779376	89.851125
HOT231	6	VS106	22	15.427	838.185291126	92.9641785714
HOT231	6	VS107	21	15.344	29.9351889688	80.488
HOT231	6	VS104	24	15.868	1436.8890705	98.8896041667
HOT231	6	VS105	23	15.809	1257.27793669	92.9121785714
HOT231	6	VS102	71	15.97	59.8703779376	81.06075
HOT231	6	VS103	1	15.9	11974.0755875	95.4171175
HOT231	6	VS100	26	16.054	643.606562829	88.3800930233
HOT231	6	VS101	25	16.015	1646.43539328	87.5691727273
HOT226	3	VS55	46	22.624	82.4391524859	71.9893333333
HOT226	3	VS54	47	22.665	1896.10050718	99.0766956522
HOT226	3	VS57	44	22.358	1346.50615727	98.7725306122
HOT226	3	VS56	45	22.492	11459.0421955	96.7584052758
HOT226	3	VS51	9	22.88	796.911807364	96.1556551724
HOT226	3	VS50	91	23.177	16048.1550173	100.0
HOT226	3	VS53	48	22.706	1511.38446224	88.5642181818
HOT226	3	VS52	49	22.818	7007.32796131	95.6273490196
HOT226	3	VS58	100	21.89	27424.7580603	98.4378927856
HOT238	12	VS189	76	18.494	598.458893115	87.6361714286
HOT237	11	VS28	15	28.336	308.1347787	91.9227407407
HOT237	11	VS29	82	28.0	490.733166078	88.6593953488
HOT237	11	VS26	55	29.251	855.929940833	97.2581866667
HOT237	11	VS24	83	30.339	422.258770811	93.3128108108
HOT237	11	VS25	105	29.927	25369.7634463	97.534782726
HOT237	11	VS22	84	31.824	479.320766867	93.2877619048
HOT237	11	VS23	106	30.926	12679.1755235	89.5114212421
HOT237	11	VS20	56	32.169	433.671170022	93.7350789474
HOT237	11	VS21	94	32.028	4633.43407971	92.69
HOT232	7	VS81	99	17.724	6550.4983908	90.1673932412
HOT232	7	VS80	75	18.052	251.555237742	94.84372
HOT232	7	VS82	4	17.697	40.2488380387	97.21375
HOT232	7	VS85	3	17.456	2153.31283507	100.0
HOT232	7	VS84	33	17.492	321.990704309	84.69971875
HOT232	7	VS87	32	17.269	30.186628529	83.8316666667
HOT232	7	VS86	98	17.364	7677.46585588	89.0369397117
HOT232	7	VS89	66	16.912	3290.34250966	93.5779449541
HOT232	7	VS88	31	17.085	815.038970283	92.0800493827
HOT236	10	VS34	13	26.379	893.812771028	78.2336458333
HOT236	10	VS35	12	26.017	1471.06685232	93.6478987342
HOT236	10	VS30	104	27.949	21842.549592	94.7030358056
HOT236	10	VS31	103	27.846	137367.850247	95.2778624102
HOT236	10	VS33	101	26.389	28192.3444862	89.1864022457
HOT236	10	VS38	54	25.81	19328.7011735	100.0
HOT236	10	VS39	80	25.02	1620.03564749	92.4586666667
HOT226	3	VS33	101	26.389	38169.327601	91.7625205184
HOT226	3	VS31	103	27.846	200189.741953	94.6654882636
HOT226	3	VS37	81	25.828	2253.33683462	89.9316585366
HOT226	3	VS35	12	26.017	357.236327439	95.9441538462
HOT226	3	VS38	54	25.81	38086.8884485	100.0
HOT231	6	VS60	102	26.94	93397.7895827	95.8999793269
HOT231	6	VS61	90	21.296	7603.53799807	100.0
HOT231	6	VS62	43	21.29	598.703779376	98.317475
HOT231	6	VS63	7	21.131	179.611133813	91.5709166667
HOT231	6	VS64	6	21.063	104.773161391	97.5947142857
HOT231	6	VS65	89	20.961	10252.8022218	97.0672145985
HOT231	6	VS66	42	20.808	793.282507673	88.6895283019
HOT231	6	VS67	41	20.689	2095.46322782	91.7697714286
HOT231	6	VS68	40	20.46	164.643539328	88.0258181818
HOT231	6	VS69	39	20.158	463.995429016	97.8644516129
HOT233	8	VG1	107	164.235	164176.523947	100.0
HOT229	5	VS89	66	16.912	8417.51964885	88.8174735812
HOT229	5	VS88	31	17.085	5551.28008153	89.9863442136
HOT229	5	VS81	99	17.724	20788.4731837	94.0592179081
HOT229	5	VS80	75	18.052	1828.46317226	95.7088018018
HOT229	5	VS82	4	17.697	329.45282383	98.11545
HOT229	5	VS85	3	17.456	6704.36496494	100.0
HOT229	5	VS84	33	17.492	1564.90091319	96.0284631579
HOT229	5	VS87	32	17.269	131.781129532	78.543125
HOT229	5	VS86	98	17.364	29700.1720683	92.8390776484
HOT236	10	VS13	57	35.89	37260.8198922	96.5029615192
HOT236	10	VS10	96	39.744	74298.1865917	93.8329984962
HOT236	10	VS11	58	39.219	3370.41899075	92.2100165746
HOT236	10	VS16	68	34.431	7653.27185193	88.7662798054
HOT236	10	VS17	95	34.077	968.297168613	82.1719423077
HOT236	10	VS14	69	35.649	8267.76813201	92.534472973
HOT236	10	VS15	19	34.769	14896.8795171	100.0
HOT236	10	VS18	18	34.068	3389.04009015	75.2653846154
HOT236	10	VS19	17	33.814	353.800888532	100.0
HOT226	3	VS19	17	33.814	357.236327439	100.0
HOT226	3	VS18	18	34.068	1896.10050718	74.9571304348
HOT226	3	VS11	58	39.219	10717.0898232	94.4145846154
HOT226	3	VS10	96	39.744	117668.150315	94.2211758524
HOT226	3	VS13	57	35.89	45753.7296297	96.6126570571
HOT226	3	VS15	19	34.769	3462.44440441	100.0
HOT226	3	VS14	69	35.649	15031.4054699	99.1166764168
HOT226	3	VS17	95	34.077	1236.58728729	83.2010444444
HOT226	3	VS16	68	34.431	15141.3243399	89.362814882
HOT231	6	VS48	50	23.468	733.412129736	97.1683877551
HOT231	6	VS49	92	23.37	2978.5513024	98.6197738693
HOT231	6	VS46	10	23.707	179.611133813	85.0621666667
HOT231	6	VS44	65	23.999	7453.86205323	88.741248996
HOT231	6	VS45	51	23.869	9384.68174172	100.0
HOT231	6	VS42	52	24.121	2035.59284988	92.7911544118
HOT231	6	VS43	78	24.068	2739.06979065	96.1458032787
HOT231	6	VS40	53	24.419	254.449106235	76.2037058824
HOT231	6	VS41	79	24.277	1646.43539328	91.8396272727
HOT229	5	VS67	41	20.689	4974.73763983	93.5218311258
HOT229	5	VS66	42	20.808	5271.24518128	87.804640625
HOT229	5	VS65	89	20.961	39649.6473479	96.2395824678
HOT229	5	VS64	6	21.063	527.124518128	88.80190625
HOT229	5	VS63	7	21.131	263.562259064	92.6234375
HOT229	5	VS62	43	21.29	1218.97544817	95.4310810811
HOT229	5	VS61	90	21.296	12881.6054118	100.0
HOT229	5	VS69	39	20.158	1202.50280698	99.5420684932
HOT233	8	VS28	15	28.336	1224.98284195	100.0
HOT233	8	VS29	82	28.0	850.282207944	93.7343050847
HOT233	8	VS22	84	31.824	1196.15971626	96.9281686747
HOT233	8	VS23	106	30.926	28390.7788076	96.4993279188
HOT233	8	VS20	56	32.169	1253.80596765	93.0431149425
HOT233	8	VS21	94	32.028	8805.46489922	94.9151145663
HOT233	8	VS26	55	29.251	2003.20723567	97.6823165468
HOT233	8	VS27	16	29.202	28.823125693	72.973
HOT233	8	VS24	83	30.339	1426.7447218	94.5692828283
HOT233	8	VS25	105	29.927	83039.4251216	99.5255890316
HOT224	1	VS59	8	21.604	181.175243037	92.5270833333
HOT224	1	VS57	44	22.358	2642.13896096	97.6279028571
HOT224	1	VS56	45	22.492	14222.2565784	95.6088131635
HOT224	1	VS55	46	22.624	90.5876215186	68.3763333333
HOT224	1	VS53	48	22.706	3698.99454534	84.5089346939
HOT224	1	VS52	49	22.818	7156.42209997	96.1397362869
HOT224	1	VS51	9	22.88	1132.34526898	92.5248533333
HOT224	1	VS50	91	23.177	22118.4775875	99.3024375427
HOT225	2	VS85	3	17.456	23339.9791508	100.0
HOT225	2	VS84	33	17.492	1435.423072	92.75756
HOT225	2	VS87	32	17.269	574.169228801	83.38865
HOT225	2	VS86	98	17.364	27531.414521	89.5570312826
HOT225	2	VS81	99	17.724	19148.5437805	94.2922563718
HOT225	2	VS82	4	17.697	5167.52305921	100.0
HOT225	2	VS89	66	16.912	15100.6507175	92.6879486692
HOT225	2	VS88	31	17.085	8296.74535618	89.7387889273
HOT236	10	VS78	35	18.738	130.347695775	73.7465714286
HOT236	10	VS79	86	18.396	3966.29417144	90.3299671362
HOT236	10	VS70	38	20.074	614.496280082	80.3886060606
HOT236	10	VS71	37	19.786	558.632981892	79.3588333333
HOT236	10	VS72	5	19.667	186.210993964	90.8947
HOT236	10	VS73	77	19.655	1024.1604668	94.7930181818
HOT236	10	VS74	88	19.487	2309.01632516	92.9389193548
HOT236	10	VS75	87	19.149	2346.25852395	91.2742698413
HOT236	10	VS76	67	19.088	1098.64486439	92.3262033898
HOT236	10	VS77	36	18.956	726.22287646	88.4473333333
HOT237	11	VS88	31	17.085	102.7115929	91.653
HOT237	11	VS89	66	16.912	2088.46905563	87.271
HOT237	11	VS81	99	17.724	6059.9839811	93.3882278719
HOT237	11	VS82	4	17.697	125.536391322	93.683
HOT237	11	VS84	33	17.492	79.8867944778	95.7801428571
HOT237	11	VS85	3	17.456	1415.13750218	98.4701209677
HOT237	11	VS86	98	17.364	10442.3452782	94.6167081967
HOT237	11	VS87	32	17.269	45.6495968444	75.9905
HOT234	9	VS7	70	43.665	87492.4622806	100.0
HOT234	9	VS4	62	54.391	83085.6925178	100.0
HOT234	9	VS5	61	51.494	31624.2656835	100.0
HOT234	9	VS2	64	68.964	120.54993272	74.5052222222
HOT234	9	VS3	63	57.845	77446.634554	100.0
HOT234	9	VS8	60	41.205	6040.89107296	94.4245321508
HOT234	9	VS9	59	40.844	2464.57640227	86.8081576087
HOT224	1	VS100	26	16.054	2959.19563627	84.3976122449
HOT224	1	VS101	25	16.015	9617.38581789	91.0207927786
HOT224	1	VS103	1	15.9	19853.7870495	94.7819505703
HOT224	1	VS105	23	15.809	3487.62342847	94.7542554113
HOT224	1	VS106	22	15.427	3502.72136538	90.7166767241
HOT224	1	VS107	21	15.344	1313.52051202	100.0
HOT224	1	VS108	20	15.11	3321.54612235	90.9459272727
HOT226	3	VS189	76	18.494	1044.22926482	92.8806842105
HOT229	5	VS13	57	35.89	59894.5233723	93.286470297
HOT229	5	VS49	92	23.37	6078.40459966	98.2694823848
HOT229	5	VS48	50	23.468	1037.77639506	92.6994603175
HOT229	5	VS45	51	23.869	25664.3749764	100.0
HOT229	5	VS44	65	23.999	12041.500711	88.7314774282
HOT229	5	VS47	93	23.51	27328.1117367	100.0
HOT229	5	VS46	10	23.707	280.034900255	75.8295882353
HOT229	5	VS41	79	24.277	5551.28008153	92.0626231454
HOT229	5	VS40	53	24.419	675.378288851	79.2490731707
HOT229	5	VS43	78	24.068	5485.38951677	93.116036036
HOT229	5	VS42	52	24.121	4497.03104528	88.3570989011
HOT233	8	VS40	53	24.419	288.23125693	71.03255
HOT233	8	VS41	79	24.277	1527.62566173	93.1683018868
HOT233	8	VS42	52	24.121	1599.68347596	89.476045045
HOT233	8	VS43	78	24.068	907.92845933	96.0935873016
HOT233	8	VS45	51	23.869	2464.37724675	100.0
HOT233	8	VS46	10	23.707	129.704065619	100.0
HOT233	8	VS47	93	23.51	2176.14598982	99.7291655629
HOT233	8	VS48	50	23.468	807.047519405	91.7198928571
HOT233	8	VS49	92	23.37	2911.135695	98.3760544554
HOT224	1	VS75	87	19.149	9224.83945798	98.432188216
HOT224	1	VS74	88	19.487	6688.38605545	97.625214447
HOT224	1	VS77	36	18.956	2234.49466412	92.5446689189
HOT224	1	VS76	67	19.088	2023.12354725	93.9709253731
HOT224	1	VS71	37	19.786	2747.8245194	98.0028516484
HOT224	1	VS73	77	19.655	2898.80388859	94.5860520833
HOT224	1	VS72	5	19.667	1570.18543966	97.5675865385
HOT224	1	VS79	86	18.396	8666.21579194	93.9401759582
HOT224	1	VS78	35	18.738	679.407161389	90.9809777778
HOT236	10	VS56	45	22.492	3761.46207808	92.2213316832
HOT236	10	VS57	44	22.358	763.465075253	82.0164878049
HOT236	10	VS54	47	22.665	1061.4026656	88.5727017544
HOT236	10	VS55	46	22.624	223.453192757	69.106
HOT236	10	VS52	49	22.818	2476.60621972	95.8534887218
HOT236	10	VS53	48	22.706	1359.34025594	81.6560273973
HOT236	10	VS50	91	23.177	6331.17379478	96.9636970588
HOT236	10	VS51	9	22.88	260.69539155	94.096
HOT236	10	VS58	100	21.89	19365.9433723	97.4460125
HOT236	10	VS59	8	21.604	74.4843975856	81.0215
HOT231	6	VS82	4	17.697	164.643539328	99.5338181818
HOT231	6	VS80	75	18.052	553.800995923	97.9123243243
HOT231	6	VS81	99	17.724	9444.55211966	94.1056703645
HOT231	6	VS86	98	17.364	14907.7241065	90.0081817269
HOT231	6	VS87	32	17.269	104.773161391	84.8865714286
HOT231	6	VS84	33	17.492	434.060240048	94.5900344828
HOT231	6	VS85	3	17.456	2379.84752302	100.0
HOT231	6	VS88	31	17.085	1781.14374364	92.2336638655
HOT231	6	VS89	66	16.912	3083.32446379	88.5679417476
HOT237	11	VS37	81	25.828	228.247984222	76.9315
HOT227	4	VS90	97	16.9	200.212592404	95.2168333333
HOT227	4	VS91	30	16.88	400.425184809	77.4886666667
HOT227	4	VS92	74	16.745	500.531481011	93.8591333333
HOT227	4	VS93	73	16.542	4304.57073669	100.0
HOT227	4	VS94	29	16.502	200.212592404	100.0
HOT227	4	VS95	85	16.245	17885.6582548	99.3427723881
HOT227	4	VS96	2	16.237	1034.43172742	97.9039354839
HOT227	4	VS97	28	16.161	6473.54048774	100.0
HOT227	4	VS98	27	16.154	100.106296202	81.8936666667
HOT227	4	VS99	72	16.095	967.694196621	85.9566551724
HOT229	5	VS29	82	28.0	3936.96124477	90.2201631799
HOT229	5	VS28	15	28.336	1416.64714247	89.4362093023
HOT229	5	VS23	106	30.926	41939.3444735	91.8519548311
HOT229	5	VS22	84	31.824	4562.92161004	95.4535415162
HOT229	5	VS21	94	32.028	20936.7269544	94.6225617624
HOT229	5	VS20	56	32.169	3574.56313855	92.224437788
HOT229	5	VS27	16	29.202	49.4179235745	72.698
HOT229	5	VS26	55	29.251	2190.86127847	95.248556391
HOT229	5	VS25	105	29.927	76169.4928695	96.880541955
HOT229	5	VS24	83	30.339	5880.73290536	93.1877226891
HOT233	8	VS68	40	20.46	273.819694084	94.8088421053
HOT233	8	VS69	39	20.158	403.523759702	99.0724285714
HOT233	8	VS66	42	20.808	734.989705172	91.233
HOT233	8	VS67	41	20.689	3905.5335314	90.308804428
HOT233	8	VS64	6	21.063	288.23125693	98.32715
HOT233	8	VS65	89	20.961	18677.3854491	96.5427021605
HOT233	8	VS62	43	21.29	475.581573935	100.0
HOT233	8	VS63	7	21.131	172.938754158	100.0
HOT233	8	VS60	102	26.94	138351.003327	98.4791948958
HOT233	8	VS61	90	21.296	1887.91473289	100.0
HOT224	1	VS13	57	35.89	60723.9022913	95.2652083541
HOT224	1	VS11	58	39.219	11670.705239	94.6161940492
HOT224	1	VS10	96	39.744	162997.326986	96.02585402
HOT224	1	VS17	95	34.077	1690.96893501	88.1583125
HOT224	1	VS16	68	34.431	22058.0858398	97.1773785079
HOT224	1	VS15	19	34.769	936.072089025	89.3101612903
HOT224	1	VS14	69	35.649	19415.9468788	99.6861702955
HOT224	1	VS19	17	33.814	830.386530587	100.0
HOT224	1	VS18	18	34.068	5359.76760652	75.6906
HOT229	5	VS4	62	54.391	43537.1906691	100.0
HOT229	5	VS5	61	51.494	13359.3120063	100.0
HOT229	5	VS7	70	43.665	22320.4288145	94.7913468635
HOT229	5	VS2	64	68.964	16.4726411915	64.286
HOT229	5	VS3	63	57.845	74555.1740327	100.0
HOT229	5	VS8	60	41.205	9422.35076154	89.9562272727
HOT229	5	VS9	59	40.844	1894.35373702	87.1854
HOT226	3	VS82	4	17.697	137.398587477	91.4284
HOT226	3	VS9	59	40.844	3132.68779447	88.2062807018
HOT226	3	VS8	60	41.205	9562.94168837	94.7367557471
HOT233	8	VS84	33	17.492	446.758448242	100.0
HOT233	8	VS85	3	17.456	3040.83976061	100.0
HOT233	8	VS86	98	17.364	17610.9297984	95.5141440262
HOT233	8	VS87	32	17.269	14.4115628465	84.848
HOT233	8	VS80	75	18.052	288.23125693	96.4525
HOT233	8	VS81	99	17.724	12682.1753049	98.3522897727
HOT233	8	VS82	4	17.697	172.938754158	100.0
HOT233	8	VS88	31	17.085	2334.67318114	90.6705740741
HOT233	8	VS89	66	16.912	3386.71726893	93.3969787234
HOT233	8	VS101	25	16.015	1239.3944048	91.1580930233
HOT236	10	VS32	14	26.81	819.328373442	94.5102045455
HOT225	2	VS27	16	29.202	57.4169228801	73.684
HOT225	2	VS26	55	29.251	12488.1807264	100.0
HOT225	2	VS25	105	29.927	63905.0351656	98.4454227314
HOT225	2	VS24	83	30.339	7205.82382145	94.5536294821
HOT225	2	VS23	106	30.926	46622.5413787	92.4406151478
HOT225	2	VS22	84	31.824	5827.81767233	95.8317832512
HOT225	2	VS21	94	32.028	37177.4575649	96.5812509653
HOT225	2	VS20	56	32.169	5311.06536641	94.7774972973
HOT225	2	VS29	82	28.0	3732.09998721	91.4626384615
HOT225	2	VS28	15	28.336	5311.06536641	92.1925945946
HOT234	9	VS53	48	22.706	2638.70408287	80.242680203
HOT224	1	VS39	80	25.02	7005.44273077	95.1381271552
HOT224	1	VS38	54	25.81	23114.9414242	99.7716917048
HOT224	1	VS31	103	27.846	242729.531859	94.3709482491
HOT224	1	VS30	104	27.949	63818.9793598	96.5995635202
HOT224	1	VS33	101	26.389	67699.1491482	94.9513878234
HOT224	1	VS32	14	26.81	1162.54114282	92.4271428571
HOT224	1	VS35	12	26.017	649.21128755	100.0
HOT224	1	VS34	13	26.379	1615.47925041	89.1022616822
HOT234	9	VS58	100	21.89	38294.695294	99.6027072403
HOT226	3	VS91	30	16.88	1071.70898232	76.5513846154
HOT226	3	VS93	73	16.542	28716.3047826	100.0
HOT226	3	VS92	74	16.745	1786.1816372	94.3829846154
HOT226	3	VS95	85	16.245	37922.0101435	99.3928362319
HOT226	3	VS94	29	16.502	4149.43734179	100.0
HOT226	3	VS96	2	16.237	14344.4125326	100.0
HOT226	3	VS99	72	16.095	2802.93118452	88.9768235294
HOT226	3	VS98	27	16.154	577.074067402	80.1881428571
HOT226	3	VS32	14	26.81	769.432089869	93.9845
HOT226	3	VS34	13	26.379	961.790112336	80.0222285714
HOT226	3	VS39	80	25.02	3984.55903682	94.9866896552
HOT236	10	VG1	107	164.235	75694.7690464	93.4834297663
HOT227	4	VS56	45	22.492	3069.92641687	96.2929021739
HOT227	4	VS57	44	22.358	266.950123206	90.028875
HOT227	4	VS50	91	23.177	9143.0417198	100.0
HOT227	4	VS51	9	22.88	66.7375308015	94.231
HOT227	4	VS52	49	22.818	3770.67049028	95.2861946903
HOT227	4	VS53	48	22.706	700.744073415	83.6861904762
HOT227	4	VS58	100	21.89	57894.8079703	98.1554824207
HOT227	4	VS59	8	21.604	33.3687654007	64.0
HOT232	7	VS78	35	18.738	50.3110475484	100.0
HOT232	7	VS79	86	18.396	1982.25527341	91.454751269
HOT232	7	VS74	88	19.487	905.59885587	87.6661333333
HOT232	7	VS75	87	19.149	1680.38898812	94.2559041916
HOT232	7	VS76	67	19.088	482.986056464	94.548875
HOT232	7	VS77	36	18.956	301.86628529	90.8143666667
HOT232	7	VS71	37	19.786	120.746514116	94.0950833333
HOT232	7	VS72	5	19.667	90.559885587	100.0
HOT232	7	VS73	77	19.655	573.545942051	94.6753684211
HOT237	11	VS50	91	23.177	3572.08095308	98.6505623003
HOT227	4	VG1	107	164.235	131873.360864	96.9488135121
HOT233	8	VS9	59	40.844	720.578142326	84.81066
HOT233	8	VS8	60	41.205	1599.68347596	92.4792072072
HOT233	8	VS3	63	57.845	8603.70301937	97.2879916248
HOT233	8	VS7	70	43.665	26099.340315	100.0
HOT233	8	VS5	61	51.494	1599.68347596	99.2234774775
HOT233	8	VS4	62	54.391	13907.1581469	100.0
HOT227	4	VS72	5	19.667	200.212592404	95.8335
HOT227	4	VS73	77	19.655	600.637777213	93.7070555556
HOT227	4	VS70	38	20.074	100.106296202	83.6803333333
HOT227	4	VS71	37	19.786	266.950123206	97.771875
HOT227	4	VS77	36	18.956	1034.43172742	89.1233225806
HOT227	4	VS74	88	19.487	1801.91333164	91.3474814815
HOT227	4	VS75	87	19.149	2936.45135526	97.0365454545
HOT227	4	VS78	35	18.738	100.106296202	72.0546666667
HOT227	4	VS79	86	18.396	3470.35160168	94.140875
HOT238	12	VS8	60	41.205	3231.67802282	90.2659470899
HOT238	12	VS9	59	40.844	769.447148291	89.1278222222
HOT238	12	VS2	64	68.964	34.1976510352	80.952
HOT238	12	VS3	63	57.845	23527.9839122	100.0
HOT238	12	VS7	70	43.665	17731.4820617	99.5669739634
HOT238	12	VS4	62	54.391	11422.0154457	100.0
HOT238	12	VS5	61	51.494	10806.4577271	100.0
HOT238	12	VS66	42	20.808	1094.32483313	84.276671875
HOT225	2	VS69	39	20.158	2153.134608	95.5020266667
HOT225	2	VS68	40	20.46	488.043844481	89.1173529412
HOT225	2	VS63	7	21.131	315.793075841	98.3527272727
HOT225	2	VS62	43	21.29	4736.89613761	100.0
HOT225	2	VS61	90	21.296	9244.1245837	98.7456149068
HOT225	2	VS60	102	26.94	170786.637107	95.5707029753
HOT225	2	VS67	41	20.689	9215.41612226	92.1391619938
HOT225	2	VS66	42	20.808	2698.59537537	89.9958723404
HOT225	2	VS65	89	20.961	36545.8714132	98.2315255302
HOT225	2	VS64	6	21.063	545.460767361	96.6230526316
HOT224	1	VS37	81	25.828	4967.2212466	94.9715045593
HOT232	7	VS58	100	21.89	9730.15659585	98.997237849
HOT232	7	VS59	8	21.604	20.1244190193	89.655
HOT232	7	VS52	49	22.818	2465.24132987	95.9427142857
HOT232	7	VS53	48	22.706	1831.32213076	79.657010989
HOT232	7	VS50	91	23.177	6973.1111902	99.1548860029
HOT232	7	VS51	9	22.88	50.3110475484	92.5766
HOT232	7	VS56	45	22.492	1781.01108321	93.8614971751
HOT232	7	VS57	44	22.358	301.86628529	85.8742333333
HOT232	7	VS54	47	22.665	402.488380387	89.08435
HOT232	7	VS55	46	22.624	20.1244190193	70.7145
HOT226	3	VS90	97	16.9	1758.7019197	98.070765625
HOT238	12	VS24	83	30.339	4223.40990284	95.9237894737
HOT238	12	VS27	16	29.202	17.0988255176	77.419
HOT238	12	VS26	55	29.251	1333.70839037	95.3449615385
HOT238	12	VS21	94	32.028	11695.596654	95.4808947368
HOT238	12	VS20	56	32.169	1863.77198142	93.7814036697
HOT238	12	VS23	106	30.926	28178.864453	93.3557718447
HOT238	12	VS22	84	31.824	1470.49899451	95.6615348837
HOT238	12	VS29	82	28.0	1402.10369244	91.0319146341
HOT238	12	VS28	15	28.336	820.743624844	88.4765625
HOT238	12	VS94	29	16.502	1453.40016899	99.6536941176
HOT238	12	VS92	74	16.745	547.162416563	93.71646875
HOT227	4	VS101	25	16.015	4738.3646869	91.0150492958
HOT227	4	VS100	26	16.054	767.481604217	82.0189565217
HOT227	4	VS103	1	15.9	7140.91579576	95.5521448598
HOT227	4	VS102	71	15.97	66.7375308015	92.154
HOT227	4	VS105	23	15.809	1067.80049282	92.380375
HOT227	4	VS104	24	15.868	1001.06296202	97.9779
HOT227	4	VS107	21	15.344	166.843827004	100.0
HOT227	4	VS106	22	15.427	1034.43172742	86.9828709677
HOT227	4	VS108	20	15.11	2068.86345485	96.2568870968
HOT225	2	VS2	64	68.964	28.7084614401	71.429
HOT225	2	VS3	63	57.845	32526.6868116	99.7361871139
HOT225	2	VS4	62	54.391	20411.7160839	100.0
HOT225	2	VS5	61	51.494	5339.77382785	94.4617956989
HOT225	2	VS7	70	43.665	60948.0636372	100.0
HOT225	2	VS8	60	41.205	8870.91458498	90.8383009709
HOT227	4	VS18	18	34.068	2269.07604725	74.4972058824
HOT227	4	VS19	17	33.814	133.475061603	100.0
HOT227	4	VS10	96	39.744	111585.1515	96.4245254187
HOT227	4	VS11	58	39.219	2502.65740505	94.78704
HOT227	4	VS13	57	35.89	26094.3745434	95.1626202046
HOT227	4	VS14	69	35.649	7774.92233837	88.256695279
HOT227	4	VS15	19	34.769	1034.43172742	95.6473225806
HOT227	4	VS16	68	34.431	3270.13900927	90.2349795918
HOT227	4	VS17	95	34.077	800.850369617	86.2464583333
HOT236	10	VS25	105	29.927	36869.7768049	96.5981555556
HOT234	9	VS82	4	17.697	535.777478754	100.0
HOT234	9	VS81	99	17.724	15939.3799929	95.6402428571
HOT234	9	VS80	75	18.052	1433.20475567	96.6971682243
HOT234	9	VS87	32	17.269	120.54993272	83.8977777778
HOT234	9	VS86	98	17.364	20506.8829993	94.2275924233
HOT234	9	VS85	3	17.456	11706.7379108	100.0
HOT234	9	VS84	33	17.492	1272.47151204	90.5340421053
HOT234	9	VS89	66	16.912	10862.8883817	94.9046929716
HOT236	10	VS28	15	28.336	2718.68051188	77.4037808219
HOT234	9	VS45	51	23.869	3737.04791431	98.9887383513
HOT224	1	VS99	72	16.095	4499.18520209	90.9344261745
HOT224	1	VS98	27	16.154	981.365899785	77.7603076923
HOT224	1	VS93	73	16.542	11866.9784189	100.0
HOT224	1	VS92	74	16.745	2038.22148417	95.5814962963
HOT224	1	VS91	30	16.88	1449.4019443	76.67634375
HOT224	1	VS90	97	16.9	2506.25752868	96.0558915663
HOT224	1	VS97	28	16.161	15852.8337658	100.0
HOT224	1	VS96	2	16.237	3668.7986715	98.7855761317
HOT224	1	VS95	85	16.245	31735.8634053	98.162621313
HOT224	1	VS94	29	16.502	3548.01517614	100.0
HOT225	2	VS41	79	24.277	4937.85536769	91.3665755814
HOT225	2	VS40	53	24.419	1263.17230336	78.0884090909
HOT225	2	VS43	78	24.068	5224.93998209	94.5457032967
HOT225	2	VS42	52	24.121	7119.69843713	95.0404193548
HOT225	2	VS45	51	23.869	9674.7515053	100.0
HOT225	2	VS44	65	23.999	11052.7576544	87.2640207792
HOT225	2	VS47	93	23.51	9014.45689218	99.3295286624
HOT225	2	VS46	10	23.707	200.95923008	84.8007142857
HOT225	2	VS49	92	23.37	10134.0868883	100.0
HOT225	2	VS48	50	23.468	6028.77690241	99.171352381
HOT232	7	VS30	104	27.949	11511.1676791	95.0412561189
HOT232	7	VS31	103	27.846	67477.1769719	96.6037232329
HOT232	7	VS32	14	26.81	804.976760774	94.2417375
HOT232	7	VS33	101	26.389	18796.2073641	87.8163699143
HOT232	7	VS34	13	26.379	482.986056464	75.8884166667
HOT232	7	VS35	12	26.017	513.172684993	92.0995490196
HOT232	7	VS37	81	25.828	342.115123329	87.0465882353
HOT232	7	VS38	54	25.81	2113.06399703	97.8402666667
HOT232	7	VS39	80	25.02	1157.15409361	95.5795043478
HOT238	12	VS43	78	24.068	1282.41191382	93.43172
HOT238	12	VS42	52	24.121	1316.60956485	87.9237532468
HOT238	12	VS41	79	24.277	2257.04496832	96.5260454545
HOT238	12	VS40	53	24.419	427.47063794	78.8028
HOT238	12	VS47	93	23.51	10789.3589016	100.0
HOT238	12	VS46	10	23.707	119.691778623	69.5687142857
HOT238	12	VS45	51	23.869	8617.80806086	100.0
HOT238	12	VS44	65	23.999	5198.04295735	89.0981710526
HOT238	12	VS49	92	23.37	3077.78859316	98.4613444444
HOT238	12	VS48	50	23.468	683.953020703	80.17865
HOT233	8	VS91	30	16.88	57.6462513861	73.74725
HOT227	4	VS37	81	25.828	867.587900419	80.8676538462
HOT227	4	VS34	13	26.379	266.950123206	84.719125
HOT227	4	VS35	12	26.017	1401.48814683	93.9925714286
HOT227	4	VS32	14	26.81	634.006542614	95.7014736842
HOT227	4	VS33	101	26.389	43913.2952674	94.2129673252
HOT227	4	VS30	104	27.949	36405.3230522	96.1305105408
HOT227	4	VS31	103	27.846	163707.163056	95.1909843049
HOT227	4	VS38	54	25.81	11645.6991249	100.0
HOT227	4	VS39	80	25.02	1868.65086244	89.8500357143
HOT232	7	VS18	18	34.068	3401.02681427	75.5190059172
HOT232	7	VS19	17	33.814	140.870933135	100.0
HOT232	7	VS16	68	34.431	1891.69538782	91.01675
HOT232	7	VS17	95	34.077	382.363961368	81.4780263158
HOT232	7	VS14	69	35.649	3229.9692526	99.1073894081
HOT232	7	VS15	19	34.769	10484.8223091	99.1014241843
HOT232	7	VS13	57	35.89	19641.4329629	95.0456173156
HOT232	7	VS10	96	39.744	45068.6363938	92.8422384461
HOT232	7	VS11	58	39.219	1469.08258841	94.5476643836
HOT238	12	VS69	39	20.158	324.877684834	86.5627368421
HOT238	12	VS68	40	20.46	205.185906211	85.7245
HOT238	12	VS61	90	21.296	4155.01460077	100.0
HOT238	12	VS60	102	26.94	116015.531137	96.1605646279
HOT238	12	VS63	7	21.131	153.889429658	88.5974444444
HOT238	12	VS62	43	21.29	359.075335869	90.1555238095
HOT238	12	VS65	89	20.961	24690.7040474	97.0478968144
HOT238	12	VS64	6	21.063	136.790604141	90.731875
HOT238	12	VS67	41	20.689	3453.96275455	92.5357821782
HOT224	1	VS9	59	40.844	3774.48422994	84.527152
HOT224	1	VS8	60	41.205	10764.8290238	91.7285231417
HOT224	1	VS7	70	43.665	52631.4081023	98.6832639128
HOT224	1	VS5	61	51.494	8273.66943203	95.8807354015
HOT224	1	VS4	62	54.391	43059.3160952	100.0
HOT224	1	VS3	63	57.845	144623.137754	100.0
HOT224	1	VS2	64	68.964	60.3917476791	77.424
HOT225	2	VS17	95	34.077	2382.80229952	95.4023855422
HOT234	9	VS47	93	23.51	4554.10856941	97.7758588235
HOT234	9	VS46	10	23.707	294.677613315	80.5216363636
HOT234	9	VS44	65	23.999	15644.7023796	88.7609443493
HOT234	9	VS43	78	24.068	2062.7432932	92.649987013
HOT234	9	VS42	52	24.121	4982.73055242	87.6383602151
HOT234	9	VS41	79	24.277	6456.11861899	97.1377302905
HOT234	9	VS40	53	24.419	1272.47151204	81.9352947368
HOT234	9	VS49	92	23.37	5049.70273726	96.9125172414
HOT234	9	VS48	50	23.468	1339.44369689	87.27732
HOT237	11	VS45	51	23.869	1460.78709902	100.0
HOT237	11	VS46	10	23.707	91.2991936889	68.605375
HOT237	11	VS43	78	24.068	753.218347933	90.0462272727
HOT236	10	VS189	76	18.494	949.676069217	83.5924705882
